1616720
766
52
172
6
232
58523
3372
3884
266
11
70611
48667
49620
1139
3517
3413
1802
788
649
1108
496
938
990
2212
1416
729
16
44
16
1376
15246
11196
8629
7613
4128
5576
5256
7589
11193
4567
3159
5238
9954
4578
2661
5736
633
5502
13622
16553
1105
2212
7409
727
1654
422
1541
7569
667486
119586
259286
278834
958789
194741
187400
355573
638496
11941
69110
392187
233601
576799
606240
155624
8845
493288
568008
732491
241886
97614
116780
15233
171744
9042
31
6
7
58
16
62
19
49
37
672
13
39
47
40
88
8
4
8
20
