738
8
52
172
6
189
4753
6805
16
15
17
50
7
120
7
138
37
8
13
494
105
895
376
23
33
1513
28200
12
908
3372
3884
11
70577
1316
5509
41
57
38004
3062
9
5
25
94
13
17
216
12
10
9
17
11
91
15
7
68
21
16
15
12
5
11
92
9
31
9
10
24
29
12
31
7
30
17
10
9
10
52
8
9
13
14
8
15
90
19
20
27
8
18
8
20
11
7
12
15
27
15
10
12
7
11
33
16
7
9
23
10
12
36
16
37
28
35
10
14
10
10
27
12
41
32
14
9
8
49
23
11
26
44
39
27
21
10
24
9
29
7
26
9
16
9
6
18
23
18
41
6
32
36
20
14
20
35
222
11
5
11
138
11
10
14
42
10
182
59
11
12
13
82
7
30
4
11
14
18
10
12
6
6
7
7
7
11
6
26
66
39
9
61
9
30
59
9
13
41
7
36
78
16
19
7
8
6
19
4
21
41
12
28
9
7
28
47
41
7
4
15
16
12
10
71
8
11
17
26
26
10
10
6
8
8
14
10
36
10
6
4
19
9
8
8
7
5
5
15
24
11
4
32
18
11
49
6
20
82
11
20
9
11
19
23
30
19
27
32
17
15
6
36
17
12
5
132
24
12
192
65
10
17
30
5
36
5
21
11
5
11
4
12
5
23
1416
729
11
5
44
1328
20
4259
13
39
32
8
9
25
10
7
42
37
5
6
9
5
7
5
25
3
12
39
3
7
17
17
5
12
13
3
16
238
24
14
8
4
2
72
8
6
10
8
8
9
4
23
6
14
19
18
126
73
22
3
28
38
7
3
3
5
7
2
19
5
3
9
11
19
41
7
4
2
2
66
34
14
6
19
45
22
27
82
25
15
65
3
41
15
4
8
10
72
4
2
25
11
10
4
8
8
10
54
14
12
4
48
3
52
8
12
4
13
28
4
37
25
14
53
20
28
407
2
6
175
16
6
11
29
9
10
15
49
25
3
18
22
11
3
5
7
100
26
11
2
2
7
18
11
19
29
4
13
4
45
280
1077
14
6
17
8
139
10
4
15
14
15
5
12
13
80
34
832
38
9
106
7
365
73
7
10
8
52
6
20
12
7
55
12
17
11
10
46
91
3
9
37
105
30
7
14
81
11
81
14
14
6
30
37
61
39
6
40
2
3
3
7
4
24
15
11
5
7
6
21
3
2
11
7
29
30
48
60
6
10
29
3
9
7
9
14
14
5
30
8
5
5
32
138
9
28
3
3
6
19
2
10
408
10
16
13
27
67
6
11
24
3
5
5
11
24
25
8
13
10
9
5
12
165
41
8
5
59
4
114
3
25
13
14
32
20
8
13
36
5
18
93
48
25
13
18
34
2
24
2
60
9
32
13
10
40
12
45
11
17
5
7
5
3
4
27
119
12
10
22
15
13
122
13
2
7
12
26
6
25
8
20
12
10
20
3
8
41
20
157
8
16
5
7
11
11
16
7
14
12
9
12
97
28
10
7
14
4
18
21
26
4
16
10
10
12
20
23
8
7
86
50
10
5
16
32
31
36
14
18
25
10
100
45
17
45
31
36
3
13
25
13
11
16
14
19
6
72
48
30
5
10
2
15
95
58
20
4
12
6
12
32
28
81
12
11
26
16
7
3
10
26
9
17
9
4
5
31
3
8
20
4
14
46
45
27
119
15
18
16
2
12
9
4
3
48
8
15
8
9
89
10
4
126
36
11
16
13
6
3
37
4
9
10
11
6
22
10
9
13
10
11
10
12
4
10
53
110
9
35
8
28
55
57
11
4
8
16
20
36
12
9
16
21
40
14
266
19
8
42
15
42
37
44
7
12
52
55
9
15
4
7
10
162
4
13
121
28
116
8
12
4
4
12
3
5
17
16
7
9
12
3
5
12
12
16
21
27
23
13
8
10
105
5
15
3
3
5
3
9
23
46
27
17
2
30
2
7
5
8
3
14
15
9
55
4
8
11
2
231
4
15
13
5
29
4
12
11
12
14
8
4
5
7
18
13
52
16
3
23
3
15
77
54
16
25
5
78
12
84
12
28
10
9
2
42
8
4
6
4
14
10
20
19
8
18
42
12
21
23
4
6
10
10
76
6
13
65
38
34
34
6
10
6
11
5
21
15
4
45
6
265
97
51
5
81
5
25
22
5
17
18
46
12
95
18
25
45
42
50
42
24
104
9
16
156
14
77
70
9
15
26
5
15
23
15
10
10
14
21
31
18
4
8
5
139
22
12
25
30
5
22
13
7
20
93
30
29
3
9
8
52
5
3
709
12
3
27
11
18
40
116
2
46
35
7
13
10
11
83
10
20
12
4
8
9
4
80
7
15
5
76
17
48
14
12
12
11
62
15
5
102
27
2
41
37
42
19
6
21
9
13
9
7
19
16
9
42
15
27
18
16
56
6
15
39
6
7
12
7
9
32
3
10
12
5
18
7
10
51
13
20
45
61
6
34
7
7
6
41
85
16
28
14
19
6
88
42
12
18
12
6
19
46
5
10
11
11
3
13
10
12
9
29
3
9
10
60
3
19
65
6
23
20
11
30
10
11
29
201
17
16
3
43
49
15
13
3
2
31
20
2
4
3
24
5
63
6
72
7
33
6
9
9
28
21
6
4
5
12
11
47
63
23
31
19
6
9
61
7
41
17
32
27
25
10
6
20
72
170
10
77
9
4
15
11
10
7
5
9
20
15
147
4
12
90
5
14
5
4
5
144
10
12
45
26
38
9
9
13
16
7
31
2
52
19
21
10
8
10
129
2
2
39
12
14
13
15
11
20
10
32
29
13
7
8
13
14
12
10
40
9
10
2
19
14
7
14
33
15
3
67
14
69
25
12
16
6
24
42
23
6
2
9
4
4
3
18
3
12
3
23
47
12
41
22
22
6
40
23
8
3
6
8
7
12
28
15
22
2
8
3
17
21
15
14
14
12
26
58
12
3
2
5
2
2
3
10
9
3
33
8
3
6
67
34
4
4
4
8
2
6
14
15
3
14
27
21
7
3
2
7
3
8
9
3
6
5
6
2
5
14
4
30
9
48
11
19
40
9
13
41
8
7
6
14
8
6
11
9
8
6
48
11
5
38
29
73
35
5
8
7
11
8
34
4
5
28
6
43
15
28
28
4
7
6
22
6
7
7
3
17
61
5
10
20
11
9
10
6
5
13
27
9
10
41
7
44
4
5
11
2
114
15
9
37
7
6
4
13
29
55
21
12
4
5
22
2
13
3
15
11
8
61
19
16
9
7
15
34
112
30
13
15
3
76
5
12
7
13
7
41
36
92
38
14
4
43
11
40
3
52
16
56
7
10
24
11
31
29
19
9
3
15
43
5
9
12
9
51
12
7
7
269
29
86
7
8
71
180
21
39
3
11
307
36
64
9
28
140
6
12
26
38
80
3
7
14
6
10
4
15
9
55
28
3
9
15
6
14
3
3
27
26
10
4
7
3
8
2
10
9
19
3
8
35
11
6
6
48
14
10
15
15
3
21
17
3
3
6
11
5
12
90
10
6
3
10
9
11
142
7
18
5
5
11
2
38
8
11
3
3
8
7
18
7
4
26
19
32
23
31
64
33
35
55
14
71
14
24
10
4
4
3
13
16
11
3
181
3
6
18
6
49
7
6
4
43
5
36
8
2
4
389
7
5
10
3
5
3
5
5
11
2
16
3
3
57
12
143
15
4
82
57
14
20
18
12
56
28
11
9
4
15
10
2
8
55
16
8
4
73
44
22
8
23
7
13
12
21
17
21
20
31
58
4
4
6
11
44
35
15
3
55
57
23
2
3
16
3
9
3
50
12
25
6
58
8
11
5
5
13
10
5
11
7
11
4
2
11
27
22
5
10
5
28
12
63
15
6
22
21
22
8
3
28
42
8
10
128
6
30
10
15
4
32
20
15
6
41
16
2
97
23
4
46
3
13
19
14
9
36
91
8
3
13
93
3
35
66
5
11
5
8
8
24
5
5
2
4
2
53
9
8
2
37
20
8
8
10
24
3
4
28
3
11
13
15
5
7
6
17
19
4
7
72
17
13
11
27
30
40
6
21
18
9
3
6
15
14
13
5
10
21
45
28
7
7
10
37
5
4
21
3
9
2
35
107
44
6
4
40
6
7
7
37
3
12
7
28
11
10
13
20
7
3
5
15
5
26
3
34
2
6
63
6
25
15
27
3
12
6
3
3
14
7
6
56
14
10
11
15
11
9
11
99
11
11
56
20
65
205
12
13
10
8
14
7
178
6
7
12
39
3
2
63
19
11
4
18
16
2
5
10
5
2
7
5
5
2
3
3
12
4
5
3
6
16
3
10
7
7
42
35
13
3
14
5
13
53
16
12
7
5
15
12
9
12
12
10
18
11
5
8
5
3
7
4
9
2
5
12
17
71
8
11
8
3
7
37
17
2
54
8
10
9
12
2
64
13
15
13
4
90
102
25
46
8
3
23
30
18
19
83
64
3
5
13
6
3
15
32
3
37
10
31
22
32
4
19
14
10
7
37
3
88
19
11
13
22
10
13
55
17
4
6
8
12
8
69
9
16
21
18
5
8
29
11
4
5
39
9
7
135
5
39
8
4
8
16
84
7
30
6
3
3
8
7
7
5
2
4
6
7
17
11
8
11
5
3
18
8
7
11
26
3
28
8
9
319
3
6
80
11
38
6
8
11
28
3
2
10
25
18
12
12
83
13
58
23
62
24
14
5
101
4
10
6
25
18
13
7
15
66
42
5
41
22
40
13
52
11
422
13
4
6
5
10
28
15
11
37
105
153
12
6
16
57
10
10
6
79
93
2
2
4
7
21
3
9
198
2
29
3
27
64
14
26
9
17
69
6
3
14
11
7
12
4
18
22
25
23
9
8
15
9
14
17
11
16
60
14
14
49
47
57
33
5
5
4
17
7
11
19
5
26
6
7
9
5
4
12
24
28
7
14
8
3
12
7
25
3
3
31
11
13
14
8
10
9
9
2
5
258
6
12
6
13
14
5
28
53
11
14
16
25
19
13
12
30
63
4
26
14
5
10
6
49
5
10
10
7
8
5
7
23
6
15
11
10
3
159
7
76
20
10
15
58
3
16
5
16
3
13
5
59
19
44
154
82
4
29
8
24
51
17
28
11
14
24
35
9
30
22
19
21
18
16
14
180
5
2
20
24
57
24
3
9
13
24
48
40
73
20
4
9
33
6
28
3
5
11
7
21
3
3
6
177
7
4
6
20
9
76
7
96
13
134
57
12
8
18
24
7
16
2
9
6
52
9
13
19
23
13
10
17
14
7
6
8
3
17
8
10
11
20
14
3
8
11
10
10
7
7
104
41
12
4
63
5
61
33
7
10
6
3
30
53
6
40
5
42
88
3
13
15
6
13
5
5
10
64
54
6
17
80
5
14
21
8
37
44
24
9
29
6
17
2
7
29
9
2
13
7
2
21
5
78
44
100
5
27
65
75
10
107
11
18
27
2
10
76
11
6
44
45
9
29
14
64
8
18
68
219
5
44
25
17
5
10
9
9
145
4
2
10
19
27
14
5
66
12
7
9
19
3
6
4
15
60
10
82
45
11
4
19
11
9
6
73
51
79
9
25
27
12
104
8
7
3
2
15
7
8
19
12
167
27
12
11
6
10
5
126
23
7
7
6
50
35
12
29
7
3
5
5
13
5
24
129
9
10
12
2
8
43
53
1127
11
7
8
5
46
6
91
22
16
30
118
10
14
114
12
11
18
16
2
110
10
23
10
4
3
2
5
8
28
15
45
33
4
56
76
112
7
8
11
124
85
34
7
14
4
6
55
22
5
5
90
12
45
3
5
10
10
14
14
7
3
66
31
64
43
26
19
14
38
6
5
5
3309
9
7
10
2
248
19
22
136
18
4
24
9
27
5
58
32
18
9
20
39
4
6
657
25
5
13
3
9
12
2
2
2
6
44
21
46
10
22
6
4
8
3
3
6
40
20
3
12
20
6
418
22
22
3
2
3
24
11
7
13
91
10
27
52
5
3
7
5
6
3
3
4
8
48
79
3
20
32
6
3
5
7
8
14
3
21
21
4
10
13
18
6
5
23
8
3
9
55
120
11
22
17
44
106
24
16
49
14
269
6
56
26
6
21
17
8
6
8
2914
136
17
4
175
14
11
5
16
124
60
31
6
12
18
4
109
15
26
94
165
9
18
7
34
41
5
41
13
46
11
19
10
5
174
79
4
32
15
19
4
30
69
150
7
24
25
6
17
136
2
4
3
34
11
46
27
9
18
11
12
19
21
2
31
47
6
9
7
13
73
40
9
36
31
21
46
12
84
16
37
27
31
7
27
100
17
11
5
89
8
8
90
41
9
512
4
24
11
40
4
9
58
22
154
18
37
7
14
30
8
4
7
11
7
14
6
32
32
11
5
45
13
4
4
28
32
15
19
5
10
31
13
13
181
12
16
45
37
10
11
10
50
11
12
78
7
10
21
6
18
25
15
9
12
7
52
39
18
8
14
15
29
5
9
21
11
33
6
6
111
18
11
10
4
6
13
7
61
61
4
10
11
144
11
24
3
16
2
23
5
32
9
83
15
41
10
24
35
12
24
63
6
22
8
10
9
197
30
18
11
15
7
59
27
125
2
7
21
49
9
5
8
21
27
3
16
17
3
122
10
43
57
13
32
10
22
27
27
8
10
10
3
10
17
8
6
3
11
77
8
22
11
23
9
18
5
17
32
63
8
12
30
5
8
6
14
25
52
10
8
3
8
18
22
4
19
24
9
4
7
11
11
4
26
7
41
6
49
24
48
9
9
61
43
13
4
4
12
15
3
31
28
7
108
26
18
9
61
22
21
6
2
11
13
12
6
14
18
8
2
97
2
6
22
12
10
9
10
14
13
2
3
21
15
20
7
7
18
3
6
113
19
4
21
2
32
33
51
4
53
21
9
37
9
16
8
14
45
4
39
9
6
18
7
29
24
30
16
12
18
21
138
8
43
11
18
2
8
21
4
331
9
39
38
17
41
24
23
9
15
4
8
9
7
15
6
15
56
20
51
12
11
33
23
3
8
7
131
43
57
11
14
23
9
16
23
12
14
33
5
23
28
32
33
12
8
46
43
7
28
6
19
12
11
8
61
46
17
4
5
14
10
6
25
46
6
293
8
41
6
5
4
9
74
20
16
32
11
19
16
19
11
8
4
8
6
15
41
8
36
6
5
70
16
38
6
27
37
4
7
54
5
9
36
12
15
12
8
75
25
21
19
26
22
2
94
20
4
20
15
27
3
14
16
12
33
8
11
25
5
11
5
2
12
23
9
35
29
19
7
3
2
41
14
13
49
10
16
12
70
10
173
2
15
10
13
6
2
82
9
9
32
9
44
7
13
14
18
11
16
7
3
15
32
3
22
13
16
13
56
8
11
13
32
44
5
33
25
99
171
9
2
9
2
5
12
12
64
9
11
41
22
7
31
4
11
57
3
19
13
5
15
13
7
26
12
6
63
11
6
30
42
60
2
9
10
21
11
10
6
3
24
16
26
27
19
9
36
23
16
11
9
12
10
49
22
8
24
6
27
4
13
4
8
8
8
14
10
5
17
40
15
3
3
3
17
27
9
11
157
16
34
19
12
3
22
4
2
4
26
7
7
6
5
3
8
47
38
19
36
9
35
393
39
29
32
27
14
28
69
11
11
17
7
14
32
9
71
2
16
5
51
7
10
98
3
6
23
5
22
9
11
48
6
24
43
50
34
18
2
7
8
2
43
7
12
3
14
10
15
13
8
28
7
18
12
24
26
17
4
63
19
40
20
15
144
11
2
14
50
123
10
8
5
100
19
32
5
7
19
8
12
17
15
8
22
62
64
55
12
60
32
11
12
13
3
150
17
4
437
443
10
10
167
173
29
74
5
8
8
31
6
21
10
15
28
13
9
16
60
5
15
190
15
13
3
64
7
12
17
15
17
2
6
14
288
9
32
31
34
6
4
49
12
31
16
10
31
17
37
13
48
41
20
13
19
7
6
7
62
12
11
33
2
44
2
9
27
9
57
23
29
14
23
16
3
34
12
3
3
4
7
13
56
25
45
33
13
30
3
4
13
23
11
114
10
8
511
17
3
22
38
20
64
5
17
4
3
81
64
35
3
19
47
10
20
15
21
8
8
139
19
38
49
22
8
33
5
195
13
328
45
7
15
16
16
10
5
46
6
15
15
10
6
15
12
13
25
11
37
11
8
324
20
138
4
28
61
7
6
25
36
27
55
24
7
4
15
4
100
23
9
4
4
7
16
5
7
3
5
10
2
21
31
10
4
4
10
42
90
14
6
44
10
3
4
35
45
10
51
3
4
28
4
57
16
10
12
11
10
98
32
375
2
7
8
5
10
50
10
7
2
5
4
6
7
4
12
18
11
33
95
33
6
19
9
7
7
18
15
9
7
19
10
10
10
48
207
8
13
12
10
9
31
11
12
2
8
23
38
17
2
16
6
77
7
3
3
5
17
3
17
4
9
6
4
13
22
14
32
8
5
9
6
10
4
11
23
4
40
6
10
9
7
10
7
6
4
12
36
19
15
34
8
2
17
28
24
18
109
9
10
22
7
23
13
2
8
15
24
8
13
57
7
24
48
14
80
127
11
4
19
2
10
8
3
10
20
8
12
3
3
11
17
4
7
46
29
6
8
12
11
10
110
7
23
33
23
12
41
12
21
5
33
10
13
8
24
7
15
9
18
17
6
9
23
24
20
3
4
10
8
12
3
25
3
11
8
28
36
38
11
10
7
13
166
6
26
13
17
7
27
14
16
9
23
29
15
3
63
16
18
2
13
20
11
3
39
5
4
39
45
35
15
6
13
49
13
64
9
6
18
6
5
18
9
19
139
27
28
8
12
13
19
6
69
10
11
10
7
12
5
9
7
5
33
20
7
6
5
3
10
4
23
7
19
35
10
65
4
4
4
32
23
14
17
8
117
9
83
18
7
13
5
18
27
4
4
10
10
32
9
6
10
6
14
7
40
3
8
8
52
4
78
8
26
92
34
4
3
22
3
7
2
10
3
5
10
7
4
10
3
9
13
6
3
61
25
2
10
5
8
9
89
19
4
5
32
5
12
3
12
52
19
22
3
6
48
13
25
12
4
17
9
3
10
34
10
5
10
13
37
18
6
11
43
45
9
6
3
5
10
7
7
8
10
5
3
5
13
5
12
14
41
14
54
19
14
36
3
16
4
162
20
11
69
2
41
2
38
35
8
9
16
16
6
42
11
13
37
31
13
4
21
2
13
27
8
18
13
10
10
9
9
5
4
5
49
49
3
17
6
7
21
57
7
31
11
6
3
3
12
8
13
2
6
3
38
37
10
9
29
35
7
8
33
5
46
15
12
26
3
23
2
8
19
3
16
23
78
10
32
7
8
3
25
17
2
9
64
24
15
3
20
8
90
7
10
5
8
2
5
3
14
66
14
3
6
10
23
128
14
7
61
9
7
8
9
2
21
12
12
4
17
9
8
36
10
14
11
4
35
11
17
59
2
20
16
9
8
14
11
12
86
13
73
4
8
7
9
5
30
22
74
20
16
8
9
5
16
5
82
19
20
13
9
56
73
271
58
37
80
43
7
166
8
21
15
5
13
25
119
6
63
16
21
55
61
35
23
5
8
7
5
8
7
27
10
6
42
15
3
10
42
20
11
3
13
12
8
31
6
3
7
70
27
19
18
7
9
4
8
18
9
4
6
23
41
82
4
38
4
24
15
9
10
24
15
71
6
5
23
2
187
15
6
12
10
5
2
145
14
10
15
9
5
9
7
6
14
5
19
6
22
13
8
7
15
5
6
11
11
16
3
12
14
6
106
10
10
74
14
21
14
14
18
10
12
14
41
35
13
15
16
7
13
36
48
9
9
160
10
45
15
81
54
34
71
8
4
19
7
136
10
21
90
7
9
9
31
9
5
34
32
15
6
6
64
29
19
11
13
15
4
50
80
6
2
23
8
15
6
21
8
109
16
5
7
5
37
8
50
19
7
8
8
24
125
20
44
43
5
11
77
5
17
3
43
38
111
121
10
16
5
9
7
35
26
51
21
80
25
7
11
2
6
18
7
26
9
9
48
31
38
20
2
27
4
28
11
7
8
10
31
11
2
4
16
15
38
9
9
12
7
2
23
17
4
33
3
20
8
50
95
15
4
3
61
14
20
4
9
45
27
7
19
12
29
18
75
17
12
4
4
4
3
9
19
49
4
11
9
8
16
12
5
10
8
4
41
21
4
15
25
24
9
11
18
18
17
23
13
9
33
4
19
6
24
14
5
10
12
27
10
22
25
6
81
37
16
4
32
6
4
122
3
9
13
13
83
10
4
20
37
19
4
4
37
14
22
12
59
14
7
19
18
41
62
8
7
17
22
24
9
18
7
13
18
6
5
10
8
6
66
16
8
2
12
14
41
4
2
10
7
33
16
7
35
4
56
16
2
4
10
8
20
4
14
2
9
8
13
14
6
4
3
14
9
5
30
3
45
4
7
12
32
31
3
5
9
19
41
6
51
2
63
14
15
11
125
2
15
12
31
11
4
148
16
9
13
5
67
22
47
22
4
13
11
96
11
221
10
7
81
65
6
12
9
61
5
5
16
40
5
5
15
7
9
37
15
40
2
7
17
5
147
62
22
15
14
47
13
5
12
51
14
5
7
5
10
3
2
106
21
3
3
3
2
8
21
4
18
53
3
2
252
4
51
9
7
36
30
5
5
6
11
2
5
7
6
24
12
19
10
139
5
3
24
19
8
3
2
3
9
9
17
5
30
8
5
9
18
154
3
7
6
8
38
34
24
14
6
16
21
23
3
66
5
28
19
3
11
6
73
7
7
50
219
6
18
76
47
7
4
67
20
23
4
4
33
53
11
16
34
31
10
19
12
8
173
26
5
19
2
31
19
5
42
13
9
12
5
21
9
4
11
99
29
3
5
8
17
2
7
6
8
2
9
5
3
68
7
25
19
9
64
40
8
8
11
93
20
47
13
3
22
17
41
3
2
2
10
12
16
6
61
4
19
7
6
20
11
12
11
23
71
14
9
2
20
16
2
23
36
19
3
7
3
14
18
5
9
7
5
2
3
15
14
97
5
20
5
7
12
7
9
20
486
11
10
17
9
7
5
35
3
14
25
48
13
24
8
18
14
39
6
7
10
43
32
16
13
11
13
20
87
12
14
8
25
14
7
4
21
25
19
76
41
7
48
4
9
6
3
3
9
13
11
12
6
19
7
3
7
19
4
10
22
2
12
40
37
26
7
28
10
8
44
2
27
25
314
19
7591
42
30
34
2
3
21
36
4
3
706
14
49
10
115
12
12
4
145
12
25
11
17
14
14
5
1168
61
9
20
9
83
18
162
12
4
6
6
49
8
5
4
7
4
11
3
8
25
9
16
7
11
41
290
12
20
2
5
35
154
45
4
66
5
18
21
5
37
19
172
9
23
16
9
11
10
46
16
67
150
17
4
7
2
11
7
27
5
49
19
9
37
4
2
39
2
10
7
17
10
21
9
3
3
12
20
3
8
11
16
5
5
13
19
28
23
47
4
12
16
74
8
105
8
24
5
4
12
10
15
15
8
14
13
5
13
3
3
12
25
15
102
4
22
62
8
3
38
17
20
57
10
18
9
25
25
7
3
8
11
5
14
19
8
4
17
9
4
11
10
55
4
13
8
24
12
7
11
130
2
38
8
27
3
15
116
11
15
69
2
11
7
12
1
17
31
20
24
12
6
3
8
17
5
9
27
5
67
4
33
8
7
25
3
2
6
4
11
6
91
2
12
7
54
7
2
24
11
19
12
18
4
6
2
2
29
2
11
6
6
10
4
6
9
5
8
19
3
12
5
3
9
4
21
12
17
14
6
5
23
8
23
28
10
71
12
46
7
2
11
7
5
10
12
27
28
4
37
13
17
9
5
24
5
8
7
2
12
16
8
15
81
3
6
5
30
7
12
3
13
55
48
9
9
10
3
4
23
40
122
8
15
4
4
28
12
12
19
16
9
5
13
11
12
12
10
14
73
20
14
5
10
22
22
9
26
10
25
8
44
29
33
27
13
45
19
59
27
21
60
14
31
9
15
2
20
4
19
23
245
18
34
6
5
74
18
22
15
66
28
15
7
6
101
8
14
7
12
104
55
20
22
9
9
7
18
23
12
6
18
9
168
10
24
7
16
134
60
21
16
11
38
14
25
8
5
11
7
11
5
2
4
14
22
57
4
6
3
2
6
4
5
3
2
30
85
36
11
14
20
32
8
44
12
26
4
29
89
11
42
24
4
6
19
4
557
24
200
12
44
8
54
9
10
227
12
94
87
4
79
9
13
6
25
54
100
117
12
43
7
63
6
64
209
8
76
101
19
8
8
13
5
53
20
4
18
4
18
27
18
2
102
14
267
66
37
7
12
13
7
14
5
2
7
54
21
57
46
14
27
11
9
6
113
19
8
7
9
98
11
19
14
4
16
172
11
2
8
24
5
3
42
4
82
4
11
10
33
30
5
8
7
14
127
14
9
26
9
102
24
3
11
8
38
81
9
9
25
23
13
8
44
14
3
12
9
6
71
36
25
52
14
3
9
12
252
28
17
11
445
25
69
4
43
9
42
19
19
2
5
7
24
8
14
4
13
8
6
69
27
9
5
11
14
8
14
76
18
5
15
17
147
30
13
58
9
264
2955
2307
54483
15
9
45
15
11
15
10
17
12
16
28
203
12
240
24
26
7
6
12
12
15
5616
340
20
9
11
20
26
10
31
16
14
63
158
14
12
119
22
94
112
67
29
62
39
24
30
25
31
81
6
8
26
10
2
17
17
12
7
79
68
7
49
64
33
21
20
32
10
180
17
11
6
20
19
13
12
4
20
15
28
17
135
31
12
28
24
17
12
94
13
7
4
23
23
44
77
38
19
12
6
5
38
7
41
63
26
90
21
102
17
28
41
6
11
18
19
7
34
7
11
22
11
16
12
8
10
213
351
206
1009
12
1511
17
6
21
10
9
18
14
44
4
6
8
4
21
8
61
7
11
15
20
25
472
6
9
8
10
13
825
11
216
12
93
115
10
112
612
17
14
33
55
25
8
8
273
40
57
8
3
224
44
42
13
7
17
40
79
9
14
37
18
63
13
55
26
9
8
16
12
23
8
15
25
138
41
10
101
9
10
9
7
71
110
27
48
9
6
33
110
19
13
18
11
16
12
12
18
12
7
10
18
41
7
7
9
8
28
13
166
20
18
313
60
8
8
14
47
15
11
368
41
56
7
5
25
7
55
12
14
6
12
26
13
17
17
19
147
8
22
20
5
24
137
8
166
22
6
6
4
11
14
5
3
41
9
14
9
7
13
14
16
13
9
24
45
123
5
701
26
140
31
8
64
4
24
47
32
617
8
376
6
211
3
38
18
16
27
9
71
17
155
15
11
13
19
62
13
12
10
67
19
39
8
233
46
14
8
14
9
9
5
8
94
10
58
24
9
9
43
55
11
44
20
14
55
248
8
12
9
21
22
12
15
17
8
21
14
29
28
20
17
12
11
12
13
7
17
43
72
10
6
10
44
11
44
30
28
21
57
65
5
31
184
4732
15
4
15
8
16
12
14
12
10
5
6
17
7
23
16
33
14
9
13
32
40
7
4
51
11
18
12
75
55
33
196
36
23
12
10
922
8
198
465
38
21
8
368
5
1058
10
13
7
45
56
11
57
9
128
63
5
582
44
25
22
6
8
24
102
19
7
17
31
97
43
13
7
68
60
126
52
258
7
37
10
10
7
5
29
42
23
13
46
8
12
38
8
5
16
10
255
10
15
18
17
178
81
14
16
7
26
53
15
80
14
14
11
10
504
8
9430
7
56
21
29
22
6
26
13
23
9
20
8
22
12
21
12
64
16
12
51430
5
51
18
17
12
24
13
3
23
69
64
14
17
80
113
21
54
22
28
55
259
13
314
9
7
13
27
60
13
8
32
14
20
13
4
11
129
17
12
8
41
9
28
1246
52
16
14
129
7
13
16
13
15
10
8
7
6
19
25
6
11
11
37
14
7
16
10
11
8
5
18
9
13
35
23
74
28
17
23
17
16
15
10
31
14
13
2187
71
38
663
10
699
16
87
98
196
10
19
12
18
24
12
16
56
13
8
7
20
64
21
115
57
264
243
10
21
120
30
22
31
143
9
45
10
4
15
48
16
10
4
38
66
29
20
8
118
36
23
43
17
9
295
25
22
23
69
14
29
5
3
9
22
10
22
11
6
8
18
7
31
68
8
12
5
10
18
53
31
62
13
19
9
4
13
11
9
25
5264
66
16
9
8
9
8
46
16
20
26
12
68
6
8
22
23
6
28
15
19
13
15
42
23
17
653
18
4
11
30
15
27
10
35
54
11
52
15
14
39
21
620
7
11
48
14
58
45
15
13
36
13
9
9
20
88
115
18
264
12
20
185
22
48
110
11
13
71
5
52
6
9
20
13816
20
20
17
8
9
7
10
14
72
12
90
6
29
83
13
23
47
157
6
15
47
11
11
39
27
8
69
35
11
37
13
17
44
13
21
8
15
21
9
29
10
10
22
9
16
10
6
11
46
9
21
20
25
37
20
72
8
15
6
11
85
45
42
12
9
31
19
12
10
12
31
13
5579
5
9
9
14
16
11
26
64
19
18
144
36
20
5
23
6
19
25
10
12
38
24
24
20
10
22
326
33
201
22
20
307
12
16
13
95
10
48
12
77
6
70
18
7
9
11
57
44
1366
6
5
396
12
36
12
7
9
17
12
20
11
28
11
28
98
15
11
37
98
56
5
8
8
21
38
9
13
6
30
10
17
31
13
7
37
18
18
5
13
152
4
5
10
16
9
6
206
6
21
58
12
18
31
16
32
17
8
15
44
108
20
7
651
51
18
11
34
222
34
15
7
127
40
38
27
8
63
9
14
19
12
7
16
4
10
33
20
930
31
15
10
30
30
23
96
23
11
8
18
13
16
11
13
28
20
11
9
21
1935
8
13
15
8
12
190
7
29
9
36
65
85
8
48
10
22
7
9
14
9
176
46
25
19
22
9
30
9
12
8
11
15
26
15
13
17
13
11
13
6
41
15
96
16
38
123
31
30
16
7
13
13
11
11
14
24
14
16
11
9
57
8
48
14
3
14
11
33
7
19
12
15
61
5
9
13
272
20
9
32
23
11
13
10
26
14
55
19
4
4
21
12
10
37
42
13
191
7
12
121
53
73
11
43
8
19
5
8
13
18
12
32
14
30
35
21
11
8
10
212
14
11
15
22
8188
8
7
55
12
14
10
26
19
6
37
10
8
12
16
52
7
6
9
143
7
6
28
43
11
39
13
9
7
409
288
234
11
62
1054
11
11
565
406
116
37
5
10
8
9
9
12
9
2375
19
20
22
13
5
12
10
13
17
4
972
9
11
11
8
14
4
24
79
123
18
237
13
14
54
22
24
22
40
201
17
15
231
10
60
1366
77
6
20
16
43
183
374
37
15
32
43
4
12
11
72
14
8
7
5
98
57
9
53
92
8
16
16
13
10
100
91
15
24
7
7
12
12
7
27
7
14
42
14
10
1693
14
11
16
11
12
11
12
38
7
42
12
7
1419
7
15
8
6
1147
10
5
13
13
11
19
380
6
14
12
3
10
20
5
18
11
23
28
1137
56
5
6
11
11
11
58
11
22
12
106
10
13
72
10
7
13
21
19
30
5
20
24
19
15
11
19
14
12
5
13
4
7
28
13
71
5
57
24
20
6
12
13
640
29
5
91
16
95
131
8
111
10
110
40
210
9
21
24
353
42
16
9
9
10
12
12
18
10
11
15
25
54
253
19
56
60
18
20
12
12
19
9
21
67
10
11
37
5
38
8
8
79
14
16
10
6
7
11
160
24
32
6
19
6
16
16
23
18
9
6
13
75
10
9
25
11
12
10
14
13
16
7
36
5
16
34
9
22
40
12
19
6
95
19
24
13
6
5
13
11
33
18
14
63
14
11
86
32
67
6
15
23
10
12
10
52
7
10
12
39
20
10
7
12
10
32
10
12
6
37
5
6
3
22
7
30
4
9
12
15
4
23
35
35
9
39
8
13
6
6
6
19
64
32
122
11
9
32
8
30
47
7
11
8
13
7
12
18
28
17
17
108
6
6
34
11
8
9
6
15
24
6
30
10
11
8
10
9
12
5
11
26
18
7
42
9
17
7
6
56
10
12
10
28
29
17
500
6
10
156
37
13
14
40
9
7
7
14
20
7
3
14
24
17
41
17
11
22
53
122
6
153
28
15
390
26
19
51
45
33
13
15
6
7
1251
110
17
20
5
11
9
88
20
13
8
6
21
16
17
25
36
29
51
16
19
15
16
9
17
15
12
25
8
15
5
16
14
11
7
75
5
7
45
297
7
137
20
44
15
15
229
11
8
9
29
12
36
15
8
9
101
28
8
37
23
16
12
8
34
20
21
7
73
23
14
23
9
20
7
38
153
6
38
3
47
63
58
22
23
68
13
35
27
24
33
83
49
36
11
8
7
73
14
15
9
9
77
13
197
24
10
65
273
51
13
14
34
9
272
91
190
13
15
67
4
9
17
12
15
6
5
122
12
18
20
9
25
7
19
17
16
100
17
19
16
9
54
3
11
49
14
87
133
19
24
14
17
27
14
20
14
17
15
21
130
21
80
8
35
14
25
14
26
21
55
24
23
98
5
11
151
7
4
17
5
3
9
88
8
5
17
10
7
68
35
104
6
50
26
95
24
8
45
11
65
12
11
7
11
32
9
24
9
22
9
24
19
147
10
6
6
12
7
76
4
7
14
7
15
22
63
10
6
11
50
20
14
12
9
10
16
38
12
46
21
9
11
229
11
30
11
8
50
8340
25
25
36
26
32
17
46
121
12
15
45
7
6532
4
7
80
11
32
7
4
6
8
4
5
9
866
11
13
12
74
10
18
5
13
16
7
9
13
12
15
8
16
14
12
5
13
9
10
46
51
5
11
13
18
6
242
214
20
59
56
56
10
11
30
4
89
15
9
38
368
11
16
23
35
5
12
141
37
15
4
15
66
23
37
2913
12
28
17
25
12
10
10
22
84
9
10
8
42
38
12
9
13
29
59
17
2
23
15
104
7
70
13
66
8
8
31
5
8
7
7
24
7
22
8
83
5
10
9
9
113
60
158
46
7
241
15
11
56
42
12
24
677
9
9
19
333
12
6
28
84
87
28
77
27
9
12
24
60
25
12
8
11
7
13
71
9
109
65
25
28
10
16
246
48
17
73
33
5
281
6
16
9
8
8
13
13
1206
12
215
8
11
9
48
104
8
6
21
7
12
12
9
16
7
9
15
9
66
39
18
12
19
7
8
77
20
13
32
3
8
56
173
6
4
10
29
6
105
12
6
11
9
6
13
53
68
61
34
10
50
10
14
70
6
8
12
59
9
111
30
17
21
184
10
64
118
59
14
256
350
25
9
5
6
9
17
33
13
33
39
12
26
78
178
14
8
35
19
164
59
295
17
64
71
97
27
15
7
42
96
10
25
1435
4
25
10
7
8
32
20
69
89
11
31
8
7
3042
47
57
17
147
100
40
11
8
11
534
58
10
459
7
48
87
9
5
171
57
14
22
22
5
10
55
274
24
7
5
12
9
19
18
67
29
13
9
13
156
33
51
13
42
9
18
59
7
35
14
15
22
80
21
10
15
14
119
9
11
7
10
16
213
15
6
13
61
56
9
11
12
9
12
14
9
15
16
12
46
27
163
9
11
99
39
57
585
12
17
49
115
17
92
97
20
7
14
52
13
12
9
14
4
17
12
34
59
113
4
25
19
15
33
12
109
42
13
4
9
65
54
17
45
10
9
34
22
12
17
84
4
11
10
8
12
12
37
15
56
60
8
14
6
35
11
10
16
15
9
11
9
10
786
7
17
9
654
24
35
167
19
24
10
36
8
34
31
22
28
9
7
39
18
32
21
161
24
17
34
16
25
6
46
36
31
12
16
12
18
12
7
6
20
13
18
132
33
13
43
277
17
550
55
22
84
9
28
8
12
19
30
9
12
7
81
19
16
53
8
27
15
261
11
23
15
177
8
14
14
14
17
610
23
11
69
91
13
108
7
9
17
12
111
317
117
10
16
45
168
5
18
16
25
15
53
41
52
10
10
5
11
24
50
7
11
10
45
12
12
11
11
17
11
9
20
34
9
11
327
5
15
19
9
6
11
38
14
104
5
27
27
59
31
4
70
26
5
10
10
26
35
9
10
100
19
12
25
58
35
16
67
6
139
20
5
52
16
62
9
11
9
3
9
21
12
6
13
39
11
62
11
12
28
22
11
10
26
11
6
12
23
20
36
53
11
20
3
15
19
44
28
18
47
6
31
19
16
79
10
47
15
34
83
9
23
63
9
33
23
19
269
6
6
42
17
17
32
11
56
19
7
23
46
10
6
27
21
13
100
10
60
31
237
7
14
7
25
8
10
38
13
6
11
81
14
187
3
11
66
21
10
7
19
6
8
56
37
10
11
50
14
113
28
58
26
9
14
18
13
916
10
11
7
48
5
156
7
325
2733
12
35
12
4
727
34
94
88
41
6
24
10
577
13
9
5
7
30
46
5
9
233
239
13
7
4
40
21
10
7
25
33
101
17
19
36
180
17
5
11
29
109
21
15
145
9
6
16
78
9
8
20
19
10
14
142
7
7
34
12
32
16
12
180
23
30
12
31
27
8
72
9
8
136
16
8
9
6
709
21
17
30
15
32
12
4
18
90
4
11
26
10
14
22
17
9
42
4
13
184
5
383
12
15
10
5
356
33
123
15
8
154
87
21
34
15
41
11
12
37
5
15
24
34
22
18
11
5
31
27
8
9
8
8
27
136
12
47
9
13
104
24
10
65
4
37
13
15
13
7
27
12
22
309
53
23
12
32
66
125
8
21
74
33
5
13
149
16
14
26
41
11
19
11
10
5
31
46
17
113
4
29
32
8
7
9
7
8
15
16
3
48
50
11
10
25
22
7
10
8
33
13
208
10
50
9
37
15
9
10
51
15
5
18
15
23
10
76
5
107
34
18
6
7
14
7
26
30
8
6
115
35
19
10
67
57
6
30
12
9
15
46
3
17
35
25
23
23
85
9
6
7
29
61
94
125
207
30
14
71
64
22
13
24
7
36
98
17
44
10
41
15
15
58
10
16
5
100
71
15
8
32
5
9
48
124
48
28
11
13
8
8
15
43
12
18
28
12
6
5
14
37
4
6
26
31
19
258
17
23
7
20
14
23
89
8
10
7
52
9
110
11
11
4
22
16
7
15
5
73
20
34
11
5
8
9
22
13
37
6
12
9
41
16
13
4
18
7
21
26
21
57
95
256
13
106
32
17
28
49
19
8
7
66
21
189
46
54
5
27
10
22
15
11
64
50
11
17
7
21
104
62
53
47
9
219
18
79
12
15
9
17
5
6
313
28
24
7
7
7
92
12
11
21
20
20
6
11
56
79
21
10
14
9
180
6
22
8
87
24
15
7
8
65
29
17
21
44
33
39
19
35
6
72
21
45
19
78
13
25
110
9
17
27
14
14
1677
12
115
11
12
18
21
37
56
6
4
52
146
21
246
33
24
154
21
13
192
59
17
12
55
13
23
11
9
98
6
17
58
16
11
16
10
11
29
51
11
16
15
18
46
12
12
13
41
122
14
7
23
12
16
21
26
17
7
16
94
11
14
7
35
7
30
93
11
20
4
6
25
7
12
9
9
8
8
19
5
35
190
8
26
14
23
239
152
147
109
104
21
285
26
109
28
25
74
9
42
71
105
126
31
201
19
27
16
17
8
19
39
18
19
305
7
9
18
6
12
14
8
10
66
5
19
20
11
4
320
8
12
18
67
55
16
10
11
7
17
34
27
74
95
10
3
29
10
94
9
20
7
9
99
26
9
9
8
15
4
7
77
25
23
5
4
17
16
6
40
26
12
13
36
12
203
29
21
20
6
13
68
12
98
15
9
8
30
92
27
8
25
13
8
12
54
6
24
4
23
8
10
56
28
16
11
11
7
17
8
17
24
15
13
5
28
4
20
8
5
10
110
9
17
12
7
264
514
8
84
27
22
14
59
26
7
6
106
88
55
10
15
12
33
6
10
114
11
35
16
8
11
7
10
11
10
19
11
13
16
14
7
9
221
16
227
44
6
10
39
13
9
17
59
6
10
70
27
8
19
10
20
35
8
141
88
12
13
53
7
12
40
8
15
60
8
67
62
20
166
89
23
33
11
8
17
132
12
16
142
5
57
142
30
21
13
62
22
10
69
156
11
596
5
73
18
76
33
17
6
26
15
24
203
9
27
15
8
12
13
38
36
6
45
9
10
18
46
7
363
8
16
8
23
320
76
13
17
11
29
101
9
334
159
9
35
6
10
16
14
8
104
57
24
261
22
24
107
56
30
36
16
10
18
379
10
13
18
44
8
4
62
22
10
8
17
26
12
437
7
4
68
34
180
7
11
14
18
6
55
300
10
34
43
11
55
16
43
78
56
21
18
19
16
51
26
10
5
18
13
5
20
5
11
9
8
10
6
19
17
16
11
6
5
17
18
7
24
64
11
9
254
16
6
9
185
46
375
10
5
35
26
15
20
16
14
24
10
28
15
32
17
8
52
46
21
45
10
20
196
31
8
48
9
3
8
14
90
113
11
6
7
15
6
8
109
18
10
43
4
27
17
4
29
5
24
9
11
59
26
8
5
20
8
197
43
75
16
139
33
186
71
62
9
32
5
5
11
148
127
76
278
149
20
19
19
4
14
52
67
102
10
15
9
9
70
4
9
22
12
13
15
16
82
13
5
6
4
50
64
8
57
19
22
44
26
4
27
27
9
26
29
5
29
10
22
70
14
50
14
9
59
40
12
6
13
7
49
10
42
6
21
110
7
13
13
8
6
9
5
7
20
14
6
57
176
13
27
291
60
10
10
4
8
7
9
7
162
4
10
37
19
8
8
10
19
19
8
66
40
24
8
51
14
7
10
27
113
43
178
13
23
33
105
120
7
11
162
35
12
14
11
85
22
9
136
84
63
15
13
381
23
15
103
45
34
30
64
35
5
64
16
119
106
21
140
29
4
10
13
15
54
31
147
14
7
11
27
4
8
15
111
19
15
7
45
70
10
15
157
14
30
53
39
48
73
11
7
6
13
7
126
23
15
5
4
9
9
50
5
6
12
5
37
11
31
928
8
35
13
10
9
8
16
11
11
8
9
12
7
9
13
829
71
19
111
23
48
28
76
42
424
8
355
10
19
21
9
41
11
6
7
120
12
13
18
68
17
36
33
12
17
12
22
6
29
30
20
37
6
21
6
21
11
9
14
12
7
24
12
13
66
14
15
14
8
23
27
52
31
10
5
398
133
613
11
31
4
34
1637
13
119
154
12
60
6
9
6
44
13
15
13
13
11
21
4
24
15
11
37
73
115
41
36
21
12
6
35
11
8
110
20
143
19
4
21
25
28
10
24
14
4
11
14
25
5
8
4
10
14
13
28
17
11
8
17
29
38
10
10
24
59
19
12
9
10
55
15
29
13
7
8
7
69
37
18
39
13
57
73
6
5
32
19
12
14
5
22
6
29
6
9
68
5
9
12
23
7
8
14
11
41
44
7
10
29
6
21
41
20
6
7
8
6
68
6
18
34
55
3
8
18
8
25
7
6
30
10
6
13
11
19
5
14
10
15
10
15
8
15
13
87
46
9
9
55
9
57
11
8
5
12
55
15
11
112
33
27
7
48
18
9
16
19
12
39
32
30
31
9
7
12
8
7
11
13
11
20
170
30
15
12
19
6
13
26
31
9
5
53
77
9
23
7
10
10
124
9
9
38
8
11
25
10
8
11
13
12
31
27
2275
19
26
7
13
9
8
9
13
19
7
10
121
12
24
67
816
10
11
14
14
24
15
4
6
11
2698
208
9
17
18
14
13
5
17
26
310
18
10
25
16
33
13
10
22
6
10
10
87
11
12
25
4
13
13
14
34
13
548
11
11
20
8
4
20
14
13
11
53
16
30
27
36
12
11
10
13
8
48
74
7
4
28
38
13
89
18
35
16
13
10
12
11
152
6
9
25
21
21
21
984
11
7
17
53
40
23
15
8
6
6
112
31
6
16
10
34
26
13
51
47
28
12
70
11
4
11
203
25
4
15
15
56
69
19
28
20
1258
6
16
78
491
78
50
6
15
10
22
21
12
16
7
22
76
9
8
44
25
7
100
8
69
32
22
44
9
13
154
23
14
5
16
29
157
8
7
113
58
13
15
14
9
24
41
15
15
14
15
12
56
24
11
13
22
127
7
13
13
43
28
17
51
26
24
85
10
12
20
64
10
15
15
30
24
19
25
4
122
6
14
12
116
25
10
23
7
13
19
184
6
13
13
18
14
46
6
42
18
10
60
11
38
7
9
93
7
11
9
5
11
574
8
15
3
14
40
6
18
12
7
11
434
72
7
13
8
18
20
4
17
8
13
8
16
13
48
7
34
328
22
13
12
24
4
27
4
50
13
7
8
24
6
8
75
75
49
4
31
6
19
102
13
11
8
13
8
57
4
5
500
56
11
16
9
33
13
10
101
154
10
23
51
27
217
8
73
8
21
13
48
52
5
12
7
7
49
52
347
18
491
9
12
79
32
27
6
9
21
125
52
28
40
14
5
22
11
10
9
25
5
33
36
5
10
18
10
10
195
7
7
73
69
5
21
57
153
49
11
12
31
6
14
44
63
56
12
126
14
242
81
19
560
16
20
26
460
27
46
189
13
31
61
9
9
8
10
17
6
9
39
7
4
14
462
7
11
65
83
14
16
4
23
28
16
9
8
22
13
34
12
17
35
97
10
36
11
12
11
80
25
16
325
13
15
48
20
20
16
8
13
14
12
19
3
7
6
15
22
66
13
474
38
16
8
66
10
60
4
8
10
13
4
35
37
12
115
16
10
11
9
8
13
9
7
67
30
53
24
15
11
66
9
25
15
85
44
13
13
153
962
304
295
19
8
15
125
46
9
22
51
22
6
31
15
19
40
57
31
11
63
138
14
9
10
12
13
16
6
13
8
11
22
22
11
21
13
89
7
13
22
21
15
54
8
10
913
7
15
21
155
5
89
14
18
39
5
5
400
23
114
76
14
9
398
47
90
10
32
10
37
178
24
8
10
5
457
11
22
15
9
109
85
21
473
20
19
13
34
7
8
225
7
10
16
8
21
5
14
40
526
498
38
123
68
32
66
11
50
17
8
4
10
7
56
43
2131
6
13
233
5
4
16
33
10
17
14
12
13
56
24
14
80
20
100
77
898
29
737
16
13
7
38
10
8
65
10
30
47
4
12
36
293
269
16
8
21
17
25
15
13
6
7
9
10
7
17
16
79
10
8
21
10
21
5
26
44
27
7
9
18
13
13
9
274
8
13
45
22
6
24
229
60
33
10
16
19
6
90
18
206
20
20
21
12
14
130
60
214
6
17
15
11
14
8
9
53
14
6
7
10
12
29
20
25
4
7
73
13
5
142
29
10
100
39
5
29
9
473
7
12
26
4
8
15
14
10
111
55
136
7
12
38
30
6
10
6
7
10
14
7
21
19
12
72
66
61
6
8
5
10
43
20
36
59
11
18
10
7
27
9
8
14
8
30
6
21
8
19
9
11
12
13
6
2678
12
13
9
6
12
65
13
9
133
14
287
51
101
1092
14
14
8
12
10
10
1294
16
29
62
15
491
445
17
9
57
6
58
127
5
15
107
50
8
30
17
25
13
25
11
8
7
20
11
42
10
320
53
27
22
9
17
187
47
21
39
17
108
20
25
17
10
11
4
51
19
4
7
260
31
184
14
42
51
48
7
123
38
13
20
24
18
6
31
169
11
199
20
5
19
34
25
17
128
60
199
33
27
17
7
371
12
8
44
43
5
8
10
6
12
6
122
5
8
8
12
12
41
58
96
17
79
27
42
32
13
41
91
12
15
15
31
14
9
7
282
11
44
103
167
28
36
19
9
10
70
15
551
48
131
6
27
58
37
10
33
44
18
13
26
17
19
56
15
27
44
14
46
79
68
44
21
25
136
15
12
92
37
68
45
56
41
23
5
10
13
21
26
15
63
11
9
10
10
15
14
57
19
22
26
40
10
51
51
4
9
5
11
88
32
13
35
15
90
19
19
14
36
7
58
28
7
8
13
38
11
14
8
12
37
129
18
6
31
10
44
23
149
16
160
25
17
10
5
42
31
9
14
22
14
260
5
23
12
7
11
23
13
9
21
14
25
372
13
10
97
58
14
15
32
6
10
9
9
517
10
20
10
29
82
35
25
43
43
8
47
396
87
21
39
28
7
29
31
5
9
61
51
39
21
278
167
10
8
136
285
4
72
22
22
198
140
88
12
12
9
135
25
11
15
42
231
114
10
12
22
85
4
62
556
77
131
1007
12
19
17
20
111
195
6
24
6
25
13
7
19
72
96
8
14
10
599
22
73
17
11
7
118
65
7
303
13
1092
19
10
15
154
45
9
160
24
33
10
25
11
44
26
42
45
604
43
14
165
26
14
6
163
14
13
16
66
8
96
11
49
39
7
7
11
13
109
20
115
8
8
47
16
26
16
17
27
5
33
16
10
9
131
9
19
80
15
30
27
15
38
136
7
11
17
13
17
6
36
6
28
82
54
8
73
8
13
512
97
25
94
84
40
20
10
10
19
14
1119
7
125
512
50
747
18
78
18
10
13
58
13
218
245
14
16
9
38
8
15
14
6
18
6
21
24
11
32
4
37
11
12
37
75
7
22
8
5
15
12
13
8
8
17
1250
47
26
8
16
26
174
41
12
6
9
12
9
10
13
64
15
11
31
5
5
13
60
42
25
11
4
13
10
5
9
10
123
25
15
97
76
7
14
175
27
103
27
7
102
10
136
20
12
76
7
49
10442
7
22
149
18
15
8
34
461
487
462
1590
17
5
325
126
264
13
899
129
13
11
175
438
12
48
17
20
101
39
13
8
35
144
36
8
8
126
20
10
9
18
12
31
12
59
9
44
1278
24
80
82
26
84
32
39
9
9
17
13
10
5
198
32
54
9
219
46
7
21
41
6
18
20
12
18
27
18
8
11
15
19
27
6
138
13
6
11
10
52
28
9
21
65
14
36
5
11
59
20
80
293
23
6
13
17
9
24
26
25
16
46
13
9
30
11
16
8
11
23
197
20
222
9
13
18
22
11
6
54
17
45
18
13
17
11
11
9
617
9
23
232
12
16
19
8
7
83
11
12
13
7
7
32
28
23
23
33
7
10
13
8
29
19
6
10
12
9
55
11
7
18
7
45
94
6
14
8
10
25
16
10
7
26
78
4
22
36
12
11
14
15
6
17
8
13
11
7
11
109
5
22
141
13
82
29
43
11
9
62
12
7
56
158
8
7
15
162
23
12
59
8
122
60
34
5
15
36
9
85
8
9
63
17
30
5
40
9
15
195
48
13
31
12
11761
5
11
23
204
14
184
46
31
23
102
28
14
13
8
11
156
31
8
30
13
48
5
11
7
142
16
152
11
9
16
96
43
29
8
12
122
7
343
24
7
10
119
17
109
6
8
23
328
203
9
23
50
80
10
11
14
45
9
19
30
8
19
8
40
14
12
316
24
7
22
14
10
228
13
4
22
16
11
8
104
7
15
53
11
12
18
9
18
228
15
21
26
13
30
208
49
10
63
26
56
54
7
28
16
9
10
13
3
14
11
10
17
19
34
211
4
12
13
44
14
14
26
9
10
17
12
16
12
24
6
23
24
126
455
20
7
13
8
13
17
7
49
8
12
3
5
67
39
139
181
40
15
23
32
124
34
12
7
9
14
28
14
6
18
6
11
5
5513
9
148
5
23
9
7
24
26
22
37
9
7
6
30
17
115
37
80
13
11
29
6
11
9
7
10
5
9
5
11
5
4
37
21
15
773
12
9
25
9
5
34
13
9
10
20
256
12
15
13
10
10
12
1346
31
12
14
31
30
11
15
17
17
5
11
8
14
189
135
12
2262
6
9
38
21
9
15
162
22
21
21
5
9
36
11
15
4
10
28
7
312
13
16
36
8
9
79
3
11
30
98
372
16
24
26
14
21
10
9
6
19
10
12
34
12
10
339
5
150
32
16
9
57
20
6
21
29
10
103
14
20
9
18
13
43
8
37
20
6
21
13
15
19
5
41
15
25
11
7
10
6
6
37
12
71
18
13
242
7
7
22
8
30
31
33
22
10
13
27
13
37
11
5
119
12
75
5
6
10
18
7
159
10
146
74
29
23
41
175
22
22
182
4
26
51
12
9
41
16
6
19
58
8
578
14
9
121
30
22
309
50
297
148
7
10
5
3
26
14
7
8
10
8
1545
8
11
745
330
6
23
67
44
12
205
12
11
16
5
46
8
88
86
7
59
9
16
9
43
8
47
12
24
281
9
18
17
10
8
29
18
8
156
8
735
14
8
9
318
576
257
15
4
12
19
8
8
37
9
7
36
45
15
25
32
16
15
70
15
14
20
19
15
136
34
7
7
14
18
4
18
31
8
32
32
44
10
52
37
87
35
7
61
34
7
13
9
20
7
51
16
9
999
8
10
83
53
5
4
7
10
17
16
19
16
14
433
39
846
55
12
19
297
9
10
32
17
19
3197
10
8
11
42
6
15
79
8
21
13
6
15
25
32
39
8
38
18
18
24
180
11
26
12
7
40
13
24
14
12
256
52
3
113
22
11
25
5
247
8
12
10
6
44
8
10
20
17
20
5
15
11
13
4
77
7
184
10
4
46
27
43
7
13
25
41
13
11
12
95
26
4
28
8
26
12
138
7
119
27
21
7
8
26
16
10
13
12
15
12
10
8
87
10
24
7
79
11
14
13
17
10
21
7
8
54
16
11
53
47
14
8
11
12
63
10
6
12
24
12
5
4
7
13
1348
39
76
165
9
47
38
16
42
5
14
81
5
24
66
11
176
14
12
75
16
26
11
22
22
35
26
11
11
20
18
10
176
13
31
22
7
7
111
8
14
4
11
4
8
11
34
8
22
14
67
163
12
8
18
29
13
8
144
34
40
27
23
178
14
8
29
52
125
139
42
46
24
31
107
43
23
6
13
5
10
12
20
11
15
25
30
8
7
18
9
89
12
21
95
26
16
33
13
31
13
11
40
6
6
11
6
183
20
19
5
26
16
9
6
4
19
48
5
22
6
8
15
142
8
8
6
5
16
18
18
7
9
10
7
40
22
48
19
14
179
16
298
5
10
5
19
7
33
21
33
10
6
4
13
158
1098
7
13
9
125
14
10
11
13
19
9
17
461
9
14
18
3
14
40
8
14
6
65
32
7
14
14
12
7
29
23
73
9
17
6
10
14
10
12
24
18
10
34
36
10
5
25
10
7
4
17
37
31
5
282
14
6
16
39
86
7
21
6
18
9
7
16
86
62
25
25
91
11
5
74
5
15
13
77
12
25
23
15
6
5
46
10
30
12
209
142
102
201
13
7
53
10
85
165
23
8
856
25
9
8
8
8
23
10
5
14
10
7
11
8
9
15
23
64
6
11
147
13
13
25
26
11
40
13
113
10
13
6
5
100
8
81
9
10
19
19
16
8
4723
28
3
20
57
28
9
175
14
14
30
15
39
9
13
19
100
9
173
60
9
5133
321
14
5
10
12
9
19
2238
387
11
22
15
9
20
7
5
5
24
14
6
10
14
114
48
68
26
33
36
7
4
10
105
109
14
14
1040
10
5
16
10
13
16
12
9
7
9
8
21
26
48
16
16
26
81
21
14
130
13
6
13
10
153
18
13
98
11
53
27
76
7
57
9
9
202
6
131
11
10
9
41
19
9
38
19
5
20
23
31
34
9
32
39
19
25
109
168
15
7
20
32
18
16
306
44
9
3
31
14
90
6
11
9
12
12
6
4
2016
11
4
9
974
20
18
9
34
16
337
61
28
97
18
9
11
84
12
9
28
17
13
15
12
4
47
5
67
11
12
13
48
6
7
17
14
464
5
9
43
10
20
12
12
14
12
11
10
52
12
8
76
53
8
16
6
20
193
7
25
24
21
7
14
329
22
43
5
18
9
776
487
12
28
10
6
33
50
13
11
147
90
25
11
21
11
10
8
5
19
6285
13
11
10
14
283
39
712
5
20
17
266
30
7
10
16
9
16
15
7
164
46
16
8
10
23
31
5
17
7
25
8
4
29
38
78
208
19
141
47
18
131
127
11
7
9
8
69
6
43
27
14
7
127
6
339
66
4
9
18
9
10
10
13
23
25
379
98
90
4
12
3
38
30
3
21
8
8
13
37
7
7
8
69
3
4
9
6
10
19
6
12
51
12
29
21
259
107
125
32
10
45
32
53
80
9
16
6
8
20
8
18
20
8
117
57
12
17
11
9
24
103
6
627
3
9
4
48
9
49
23
11
7
7
20
11
51
27
12
10
22
24
81
12
41
22
15
45
7
18
9
8
8
11
7
335
24
13
7
382
210
12
9
25
22
3
6
1519
13
146
16
16
17
11
8
17
12
20
180
6
49
14
7
10
1091
15
37
19
8
19
10
190
10
31
12
23
37
33
7
4
25
9
7
16
18
22
1360
10
61
89
7
97
5
7
14
31
21
38
13
7
9
33
46
12
19
116
11
10
8
20
19
10
6
78
6
64
38
13
5
9
10
7
5
5
12
11
25
7
34
22
14
25
18
8
21
3
17
6
187
11
67
18
12
7
9
6
53
16
27
14
10
11
554
25
38
29
18
9
14
486
16
119
6
22
25
44
7
8
12
65
34
30
15
49
10
12
14
12
2686
21
11
22
11
12
64
47
12
5
35
61
17
34
11
9
6
20
7
8
15
8
22
8
38
23
17
18
10
15
18
33
8
31
17
10
35
17
83
10
144
361
61
7
310
181
26
219
35
6
24
7
9
9
15
105
8
9
23
13
18
24
19
20
56
37
47
52
16
16
5
20
8
7
18
9
11
12
241
10
7
5
18
11
11
7
14
15
31
64
35
25
9
8
33
6
20
12
5
11
20
32
86
4
4
30
40
13
41
28
11
9
7
37
14
49
270
34
12
409
31
24
8
24
41
5
101
9
5
44
250
29
16
7
7
6
14
74
11
23
45
55
34
15
25
8
14
49
13
28
45
17
22184
17
15
4
28
20
9
11
25
7
15
10
16
32
85
12
12
11
32
43
14
18
19
23
7
6
40
13
22
48
9
9
48
8
10
61
43
53
34
53
128
8
10
37
74
49
11
34
9
14
36
62
7
46
51
20
23
23
30
110
60
113
5
5
10
12
159
9
21
13
70
10
33
12
12
9
18
27
14
42
183
19
5
30
26
13
5
15
8
7
5
12
19
59
25
5
70
16
12
18
11
9
11
12
16
10
19
69
7
8
10
17
11
151
4
7
14
11
109
9
8
12
13
17
16
33
8
117
41
10
7
19
10
25
49
38
14
6
13
10
36
7
6
16
8
8
48
6
23
44
14
6
24
7
7
11
12
7
5
56
27
31
9
23
58
12
35
51
17
11
22
31
12
8
12
33
10
19
101
7
8
13
9
32
9
105
75
28
15
12
11
82
31
4
14
31
38
7
6
27
7
14
11
49
17
18
10
9
12
7
14
122
42
110
86
43
38
19
44
9
37
11
10
76
12
9
14
32
21
23
9
9
39
48
56
10
11
40
19
13
18
15
305
6
33
9
346
133
18
152
25
12
8
10
46
13
14
29
18
16
24
8
7
12
7
80
79
10
85
194
44
133
20
19
58
10
7
43
7
21
64
489
7
14
8
34
8
65
53
12
8
17
11
4
8
10
11
23
6
20
7
40
9
77
42
20
55
23
14
22
9
10
93
39
123
26
8
380
500
20
15
8
8
176
12
156
37
10
110
63
5
13
15
41
16
142
11
16
17
10
5
43
18
8
15
18
556
205
1148
21
25
7
24
5
10
15
13
5
9
36
11
22
7
18
17
39
75
6
12
8
61
24
19
21
9
49
22
7
12
13
16
11
13
25
15
9
23
16
45
12
8
75
200
4
11
7
19
3507
38
6
8
68
4
10
8
20
88
14
210
7
13
366
9
12
17
23
23
37
17
38
9
23
12
9
13
8
11
12
47
5
19
24
7
58
221
6
37
6
42
6
22
9
7
11
7
21
45
4
29
31
21
23
26
49
8
5
34
207
34
16
145
10
9
10
9
15
11
20
74
36
34
63
10
20
15
5
15
45
19
3
19
55
20
51
9
22
10
15
7
6
10
135
20
6
22800
6
9
12
5
48
6
108
283
18016
4
14
12
15
7
27
8
12
15
7
8
11298
929
22
13
14
10
13
10
6
14
6
3
9
5
52
20
14
22
13
6
25
10
8
11
8
10
40
12
57
13
11
15
9
17
16
14
7
10
10
27
20
102
49
9
12
11
6
25
12
14
16
10
6
12
19
13
22
280
4
11
15
17
6
16
13
11
241
9
466
16
8
3
56
41
9
19
23
10
4
9
12
8
45
30
18
18
342
20
118
45
39
5
59
43
29
14
36
13
8
11
11
20
5
7
51
17
4
38
14
32
55
9
29
9
14
10
10
37
14
72
8
9
23
8
3063
26
166
9
7
96
8
85
6
7
17
6
27
10
9
10
7
20
10
12
11
21
9
18
17
699
88
265
10
10
9
32
27
100
12
8
87
13
60
41
217
6
16
9
7
9
77
16
10
4
21
13
20
16
780
15
9
12
47
10
62
163
7
32
41
28
10
20
4
24
1177
56
25
8
33
17
22
24
12
13
27
12
9
17
9
13
19
10
31
9
28
15
35
29
20
92
16
17
42
5
19
12
15
22
5
41
11
762
22
107
7
10
96
89
300
6
23
4
5
8
12
6
92
17
39
6
11
4
36
9
54
20
7
4
11
13
7
24
4
6
454
9
16
17
159
81
328
11
11
34
16
16
11
28
4
81
10
11
12
34
10
29
138
10
10
12
7
28
34
6
14
61
17
10
25
54
106
60
25
112
17
14
20
44
7
12
10
17
10
56
30
6
15
5
7
181
7
4
8
16
148
96
21
13
32
20
7
12
12
13
5
11
644
41
13
10
29
6
15
108
9
27
10
15
17
9
24
65
249
9
9
66
37
9
364
11
29
10
37
66
14
59
11
131
12
655
109
10
4
8
32
10
8
39
26
19
14
9
11
32
6
11
8
34
28
34
51
9
17
9
18
15
21
134
19
301
92
12
70
155
4
8
24
33
36
6
6
12
23
18
38
97
58
29
17
14
19
722
14
11
450
17
236
102
15
10
29
18
21
19
15
5
404
19
11
55
53
19
28
55
7
9
30
20
15
11
41
7
54
130
18
52
12
8
19
6
9
16
16
1079
10
7
6
11
3
13
84
18
146
69
208
7
20
5
15
13
150
33
29
68
5
495
6
164
26
17
19
20
26
9
90
17
7
14
37
32
28
31
12
13
33
13
8
52
35
108
89
2221
71
11
10
11
7
5
74
14
24
51
34
40
21
16
32
437
14
44
11
15
23
7
43
14
17
44
48
21
37
12
43
55
14
13
120
9
22
5315
9
35
148
455
16
21
35
11
20
6
12
10
8
26
84
41
41
14
11
7
404
10
13
12
155
18
14
9
53
34
13
9
10
16
20
18
19
14
9
31
16
9
21
12
19
22
18
118
90
22
70
43
37
6
14
55
119
10
127
60
19
16
19
2476
41
6
352
61
5
126
16
15
14
109
31
10
521
265
11
39
4
38
37
42
12
6
30
15
23
13
10
13
49
3
48
4
10
11
99
19
4
26
6
26
63
27
128
18
11
8
6
8
13
12
4
48
25
1399
8
12
17
8
13
8
6
29
28
182
16
5
70
12
19
1533
9
89
5
507
325
11
9
8
10
29
6
14
108
9
34
12
7
7
23
12
11
15
13
29
9
54
16
26
153
66
204
15
296
854
288
12
208
8
5
10
8
92
8
27
8
4
1629
14
10
14
19
4
134
25
4
183
24
83
11
81
100
38
221
10
121
13
13
8
18
16
95
9
19
15
18
34
39
21
8
11
14
9
23
32
58
5
49
36
5
33
14
107
9
40
6
10
8
17
19
20
9
16
38
7
22
12
6
19
46
8
44
64
9
18
42
43
16
24
11
15
54
4
6
74
35
12
5
29
7
13
40
13
13
18
95
47
26
12
32
13
98
8
18
57
8
102
24
21
39
1518
28
10
7
9
11
26
122
8
5
7
12
274
69
15
10
10
26
10
67
8
10
13
10
28
8
10
9
162
10
85
140
55
14
31
60
13
16
14
13
15
229
16
48
19
7
10
2440
13
39
112
1802
31
9
652
17
14
30
11
14
128
10
9
21
9
5
21
9
7
5
16
6
12
1074
85
55
28
394
26
11
33
22
6
14
34
18
47
5
10
12
22
8
8
10
35
154
15
9
6
227
32
34
47
10
15
60
1658
37
7
17
23
7
44
19
17
90
12
18
17
12
136
12
7
27
94
20
16
8
30
23
113
18
17
19
83
51
9
21
18
12
4
60
13
6
10
4
48
12
14
3
105
25
17
6
30
25
36
12
32
6
13
5
5
8
21
15
7
30
34
151
94
56
7
10
202
8
11
9
171
9
19
8
8
8
6
833
11
16
22
9
99
15
6
14
549
8
11
117
74
9
16
111
27
34
17
13
11
1576
166
124
31
787
7
44
203
60
8
15
108
16
17
5
186
80
70
182
10
81
6
84
51
15
10
60
13
4
8
18
41
52
5
12
16
18
11
66
7
16
49
24
198
65
175
29
87
7
10
29
15
15
12
57
17
6
11
24
13
7
15
13
23
68
11
10
7
13
20
406
8
13
179
7
32
8
9
8
5
46
178
25
289
11
14
11
117
252
7
27
430
83
16
6
11
43
19
85
105
30
9
12
13
7
19
3
15
44
126
231
13
17
7
10
78
9
41
9
17
6
5
6
22
124
344
398
9
7
122
31
11
25
20
6
65
10
38
108
8
52
9
53
18
21
4
25
11
11
12
10
35
9
13
9
10
10
6
19
10
11
13
12
6
227
13
23
89
9
7
10
23
13
9
28
10
21
69
11
15
29
1151
21
18
14
11
130
15
206
88
8
28
8
18
49
57
50
10
5
9
37
15
26
89
34
14
12
13
5
8
11
15
5
492
4
6
11
9
7
61
16
179
106
54
13
23
9
9
6
5
14
16
26
65
15
27
8
12
10
148
5
8
12
23
105
9
9
1266
11
58
12
13
14
13
38
17
9
20
10
34
13
9
5
23
9
23
4
8
12
13
18
12
12
6
68
11
65
39
9
13
9
18
11
30
5
9
28
5
7
10
29
50
9
27
129
96
78
232
32
11
4
14
92
32
4
8
23
19
26
9
7
7
14
11
178
9
106
17
16
36
17
83
11
13
11
26
6
7
11
17
30
12
12
23
15
23
500
27
10
22
8
11
138
27
25
6
14
6
14
30
6
14
34
9
30
15
6
13
15
10
9
290
12
7
16
932
68
12
24
12
187
6
20
14
11
13
4
13
8
7
12
8
14
59
21
218
17
10
8
72
51
7
12
11
26
10
19
25
268
13
13
10
48
57
7
9
8
12
13
29
358
11
9
17
115
22
46
9
9
18
16
14
6
6292
46
61
10
18
8
23
20
21
7
5
13
7
17
12
7
9
3559
294
9
172
10
31
24
12
41
5
16
218
9
40
10
47
26
68
23
13
11
12
7
5
20
36
9
20
18
10
18
16
10
11
20
14
75
7
129
71
55
63
91
9538
6
9
4
47
12
16
7
19
7
25
21
36
138
75
12
10
13
116
2004
571
6
52
18
12
3140
10
19
7
12
21
15
38
64
22
10
18
33
20
6
29
15
19
15
9
9
8
13
29
28
37
12
15
5
18
9
7
8
65
8
156
7
8
15
41
13
30
11
69
8
15
13
9
10
50
14
4
44
828
133
27
34
24
291
10
33
41
40
11
12
33
5
20
34
782
28
26
105
87
83
315
15
29
15
8
6
6
7
27
45
3
7
31
6
7
17
4
7015
27
6
8
16
15
9
20
4
24
7
16
15
43
10
196
17
66
20
47
11
8
23
19
9
32
9
6
10
16
10
18
34
568
31
11
45
26
23
10
23
124
54
88
14
12
18
18
18
6
12
15
210
7
47
71
38
7
303
14
13
6
49
7
11
6
13
8
22
16
5
19
10
11
11
112
8
9
7
8
7
5
4
18
618
75
13
27
83
156
15
35
651
132
10
17
7
45
248
23
8
10
8
18
11
3
22
12
12
13
27
23
39
14
294
5
13
8
6
6
8
4
4
9
17
21
23
52
11
9
19
37
52
39
23
33
7
11
8
45
8
19
1653
12
11
62
1533
10
6
41
20
29
12
31
97
20
501
14
4
282
125
21
72
12
9
5
34
161
23
106
15
27
13
10
10
11
8
22
7
6
10
27
20
19
11
2833
16
18
8
35
4
26
8
5
8
79
10
45
10
31
107
59
19
22
4
11
32
61
5
4
9
13
17
11
14
9
7
13
13
3
14
12
11
5
23
7
11
18
8
11
8
13
27
9
260
8
7
57
6
37
13
26
6
13
134
42
32
32
9
324
24
25
22
12
13
11
9
10
46
9
20
93
41
5760
9
10
12
6
19
14
9
6
8
5
4
13
13
5
6
17
7
20
43
36
8
32
17
48
72
16
1108
95
46
19
11
21
114
23
52
34
20
10
428
18
10
15
38
24
6
482
15
20
83
7
11
4
67
77
54
11
43
10
41
7
10
13
20
134
15
94
40
31
5
7
57
3
7
9
7
9
22
13
11
23
17
11
12
137
11
7
10
7
7
60
9
74
26
19
20
9
43
8
5
11
80
18
10
10
57
16
11
14
73
77
105
20
29
6
5
7
96
41
33
11
7
10
7
51
21
7
461
173
32
25
49
305
7
10
8
10
36
8
29
17
207
7
43
30
22
12
122
102
55
24
7
13
13
42
7
5
51681
14
5
1391
11
22
8
9
33
17
5
8
10
9
4
13
8
95
67
8
9
4
135
253
10
152
24
354
109
19
7
11
6
6
5
9
11
939
8
4
10
4
7
13
15
17
8
7
9
7
27
31
35
1071
205
10
20
12
37
22
15
144
7
15
18
12
6
12
16
23
12
7563
7
23
16
589
16
5331
22
19
28
54
6
17
14
20
14
23
5
10
22
257
48
28
2253
7
141
12
123
5
24
10
12
3
6
4
16
8
49
201
28
8
27
27
16
9
42
106
20
38
37
365
20
12
14
9
33
23
16
15
23
46
20
4
12
43
169
15
8
37
7
11
49
22
17
6
61
35
8
31
12
20
6
5494
18
8
25
7
33
12
11
5
9
28
108
12
19
7
101
10
44
7
17
10
7
14
6
9
1005
177
11
13
37
14
16
16
8
7
19
4
1769
11
266
334
39
2
40
9
19
1004
10
23
70
3483
23
19
9
9
20
17
12
17
13
10
22
11
61
31
6
61
13
7
51
10
43
10
7
35
11
8
42
9
166
19
19
10
55
10
8
16
19
8
23
12
99
25
75
35
37
9
13
6
19
1312
5
10
15
7
5
11
4
8
103
12
4
185
39
59
13
2
141
39
7
11
27
13
5
12
19
7
7
6
26
30
5
14
10
18
7
9
45
16
11
5
6
84
19
29
142
15
12
17
9
13
18
10
6
14
34
5
5
11
34
33
10
7
9
11
22
17
10
20
17
5
9
14
10
27
7
7
9
23
16
13
13
22
66
15
32
15
36
104
36
15
28
1830
24
31
12
11
12
6
317
145
9
173
5
101
26
15
12
79
10
11
8
14
15
18
8
32
18
7
10
15
28
85
130
10
216
155
8
14
22
9
55
22
25
29
15
13
28
24
46
82
33
33
10
18
89
23
10
17
10
34
8
39
7
3
9
7
57
12
16
38
6
52
4
70
55
20
27
38
73
13
12
70
8
20
13
26
10
65
30
6
5
8
10
15
39
26
35
305
5
57
10
29
9
9
12
13
9
11
88
7
11
12
8
689
13
9
44
14
9
18
176
358
14
5
28
62
31
34
10
33
185
13
195
4
12
116
64
11
16
30
8
18
53
40
68
411
60
17
29
13
10
6
547
12
13
14
11
42
9
12
16
100
25
26
7
17
10
6
109
111
12
11
7
58
121
8
27
115
70
5
12
18
10
9
15
10
7
11
15
11
12
9
8
12
6
7
11
32
11
6
18
14
10
21
216
5
18
8
63
72
6
12
65
50
15
50
5
18
17
14
13
77
29
17
6
36
44
65
29
10
60
7
7
23
3
18
5
6
5
9
7
37
9
26
17
18
18
10
9
27
12
17
4
14
7
1714
8
14
8
17
9
26
15
21
15
35
10
7
12
7
18
11
7
10
21
372
8
68
262
7
25
1087
1412
27
40
143
38
14
32
198
12
19
43
284
6
11
17
9
8
18
32
23
13
11
22
18
11
16
10
9
30
8
5
13
31
10
16
5
8
22
14
195
156
7
359
77
159
9
36
22
8
13
13
182
27
4
11
21
38
34
99
11
12
27
22
27
32
5
8
34
13
12
25
13
8
8
56
35
7
8
16
14
134
59
23
62
74
11
14
11
57
25
9
51
26
5
36
109
18
37
83
41
9
23
23
33
20
79
8
82
48
21
26
10
15
1004
37
280
19
598
173
6
21
9
33
9
9
98
20
7
21
20
12
11
10
41
9
8
13
10
9
28
4
26
11
29
14
19
18
10
18
22
13
28
14
36
69
29
30
12
48
8
30
9
7
106
12
9
23
14
598
36
15
20
183
15
15
13
9
13
208
28
16
7
47
35
38
31
11
29
10
11
9
6
27
31
11
17
10
26
12
43
27
25
513
8
26
182
9
46
81
126
22
21
262
19
11
322
4
39
11
10
20
160
29
136
18
22
6
63
10
96
5
349
117
11
7
9
258
17
20
91
8
69
14
33
1464
6
3
31
30
45
87
103
7
10
15
36
50
15
15
15
9
20
7
20
16
11
17
12
31
9
24
105
42
157
36
14
207
8
102
131
733
15
18
10
69
12
15
141
13
271
10
35
12
14
42
9
8
5
11
20
97
6
6
51
102
16
10
16
426
6
50
221
9
19
9
11
37
9
87
11
51
7
6
22
7
15
13
14
5
57
4
212
7
130
10
254
14
10
21
12
13
12
206
18
11
20
14
82
45
24
4
5
33
7
48
9
26
9
40
25
14
12
11
29
7
10
10
8
6
5
11
32
376
25
10
61
72
30
24
35
74
31
20
10
34
15
13
89
61
7
5
9
43
5
29
39
46
387
139
39
17
10
13
12
15
13
14
7
7
9
15
11
32
8
7
63
16
12
16
10
48
35
42
13
25
13
36
75
245
114
12
4
24
8
8
10
13
13
5
60
6
522
17
5
444
24
11
11
42
13
44
42
11
19
9
35
9
40
9
12
10
47
14
56
7
6
7
7
15
15
6
19
6
13
10
5
12
14
104
10
7
13
31
18
8
10
133
13
25
11
4
30
72
9
49
11
18
9
13
7
11
145
101
14
29
27
54
512
88
30
16
34
10
14
51
8
11
18
26
10
8
16
6
22
13
16
5
24
473
18
5
21
53
38
8
9
30
12
103
6
6
11
13
15
10
12
8
7
17
133
139
77
80
34
136
7
8
23
13
38
36
8
14
11
7
18
17
12
32
6
6
12
14
24
68
5
87
66
9
285
14
6
9
708
8
8
18
12
24
36
14
56
22
255
36
9
26
172
14
13
29
19
19
15
51
44
9
70
18
35
11
12
8
22
33
9
17
15
11
26
16
28
97
23
21
16
36
56
31
23
23
10
28
7
7
6
6
12
452
19
48
13
32
344
5
86
206
38
20
10
107
22
227
27
29
20
10
10
6
70
161
47
73
33
12
150
366
74
12
30
10
24
5
6
52
63
45
40
17
12
12
31
4
47
7
10
12
4
161
33
7
49
15
14
90
4
12
17
30
11
14
10
10
388
13
22
14
74
14
12
12
12
22
9
6
8
234
34
39
160
19
14
22
11
16
8
38
12
19
24
72
6
11
8
44
45
11
18
4
9
9
40
14
21
7
8
16
53
49
5
11
12
6
154
47
37
16
16
14
9
75
149
38
16
20
238
136
29
153
80
14
9
24
12
19
8
198
8
5
30
21
25
12
24
17
10
15
12
12
5
7
15
10
12
36
18
23
16
12
30
30
6
12
5
314
54
12
71
20
15
11
12
13
23
30
176
9
10
19
10
21
9
15
20
31
33
18
24
11
19
140
59
69
163
73
8
43
11
64
16
13
25
3
8
74
9
78
6
36
9
33
13
13
18
34
12
47
4
12
24
42
5
50
17
15
22
39
11
18
5
209
56
13
23
14
19
14
11
12
9
10
23
188
25
11
19
24
12
7
10
12
25
7
58
10
27
68
17
18
7
499
21
154
6
42
32
8
11
4
30
7
18
8
10
14
8
20
18
23
17
12
10
75
75
343
21
9
49
7
12
7
11
4
6
7
161
16
7
38
35
9
116
10
224
42
26
205
13
12
7
103
8
11
8
10
27
205
7
189
43
136
12
12
14
16
16
16
35
94
479
28
962
8
19
7
19
14
8
10
6
7
44
147
11
55
66
8
19
34
40
5
9
31
53
34
5
80
15
17
9
8
14
9
58
18
32
23
10
14
7
22
6
10
14
11
13
46
38
60
36
13
10
23
13
14
8
43
18
17
14
16
7
9
14
8
12
8
105
20
6
56
6
71
64
9
6
13
18
125
4
19
9
19
24
32
33
17
15
16
5
20
8
15
6
414
152
11
49
6
23
20
16
31
8
8
1019
81
19
10
21
14
27
30
12
24
14
64
7
11
12
9
12
63
147
8
21
13
7
9
7
15
3
6
9
6
16
3
15
5
7
9
4
8
7
146
37
35
42
8
29
93
19
23
8
199
23
155
7
9
67
26
20
5
1177
109
14
26
17
138
173
33
45
527
3
27
85
111
20
36
1412
38
7
42
483
28
109
65
4
10
7
13
9
5
5
41
41
14
22
26
7
20
12
13
17
7
43
26
11
28
437
21
14
11
7
13
48
14
47
30
32
6
10
14
27
6
94
29
9
11
212
38
39
45
12
11
7
22
6
21
13
123
6
54
15
48
22
15
11
11
42
14
16
12
8
9
14
11
13
17
68
17
44
92
29
19
7
53
13
11
50
6
17
23
10
19
9
15
12
36
42
33
17
10
13
14
21
8
25
61
8
13
7
26
12
8
10
11
82
15
10
6
5
29
9
75
8
12
11
8
21
34
5
9
39
16
35
20
9
13
24
12
168
152
23
84
57
34
15
62
14
16
10
21
87
42
42
28
8
24
12
6
15
26
24
10
52
10
8
19
8
10
19
61
5
15
9
8
24
36
3
12
12
11
10
17
5
23
9
8
7
14
41
4
13
9
8
9
11
12
57
11
13
22
14
270
227
44
127
41
14
31
9
13
8
174
186
15
18
13
102
78
9
25
10
48
29
8
22
26
7
64
73
6
24
16
84
7
7
25
20
57
43
30
10
88
6
8
9
39
268
269
18
250
134
12
166
114
50
14
12
50
48
59
15
45
60
7
46
8
43
54
13
7
92
27
13
10
9
8
6
32
13
31
104
115
6
9
14
8
8
31
15
49
40
7
12
8
11
38
66
14
24
150
6
11
66
12
67
119
9
7
8
15
15
12
7
9
11
28
6
96
55
7
17
8
8
20
27
6
11
18
9
63
6
21
59
111
6
36
15
25
15
29
46
31
10
18
32
57
47
12
7
15
8
8
32
6
6
10
6
6
8
10
82
25
8
9
62
33
15
20
14
127
26
95
77
6
32
18
8
56
19
129
82
9
14
40
8
5
6
18
23
4
21
37
11
16
28
73
13
199
8
6
9
7
7
16
8
43
33
18
35
14
136
49
15
11
124
15
9
8
11
17
9
10
14
25
8
31
25
11
7
30
16
10
14
12
13
18
16
8
152
20
15
9
9
28
13
6
11
16
11
91
8
31
41
70
10
40
38
133
166
31
74
76
99
9
21
118
13
4
11
43
18
12
6
8
12
54
4
16
8
36
6
6
7
19
18
19
7
9
12
14
6
110
11
20
9
18
12
44
96
61
23
15
4
13
12
17
12
9
9
10
33
12
12
9
9
113
7
130
12
4
11
10
322
92
12
60
32
22
11
9
10
10
7
399
12
15
22
187
11
32
6
8
39
35
18
961
11
6
33
28
12
7
13
46
7
35
6
4
43
10
36
17
30
9
27
13
34
109
4
52
12
9
13
19
24
5
81
5
72
41
51
9
41
23
6
4
39
9
25
19
21
24
149
182
4
43
24
15
10
8
5
31
10
9
18
17
15
14
30
19
9
145
8
18
13
33
14
9
10
10
11
19
8
423
147
146
35
11
20
4
7
32
56
39
4
7
511
7
9
15
32
845
7
6
8
11
4
11
10
5
85
13
6
9
178
14
98
23
59
8
107
13
6
7
14
15
7
7
6
61
20
31
26
62
10
11
10
6
11
22
31
4
16
17
11
7
8
62
6
28
9
188
6
36
23
67
7
5
6
4
26
47
16
22
8
39
13
23
28
24
34
31
17
8
29
11
191
8
58
12
10
5
37
14
334
159
38
8
103
33
8
11
24
10
27
27
10
14
17
9
5
10
74
16
26
14
11
76
22
5
53
16
18
26
390
13
9
24
28
24
4
22
38
8
62
93
72
18
25
75
17
182
11
11
12
8
13
3
97
6
3
5
13
9
13
4
15
12
47
18
7
7
4
937
8
28
23
5
21
24
9
10
23
11
32
30
9
12
13
8
7
9
13
22
8
76
20
6
11
7
12
14
7
129
10
4
13
9
6
33
66
23
10
17
271
32
95
20
5
23
34
60
61
371
14
5
23
11
24
10
7
19
9
20
9
124
5
35
35
63
36
9
13
11
14
10
70
230
769
115
57
9
6
83
7
20
4
22
13
12
24
8
34
47
23
43
8
29
24
18
10
260
7
39
7
7
64
23
122
14
435
8
15
94
934
38
8
9
6
27
10
36
15
9
30
10
32
12
12
47
43
7
292
9
9
11
7
11
9
22
8
11
26
291
83
40
15
19
15
13
18
15
8
77
7
9
183
36
75
13
26
11
6
13
7
18
12
11
13
10
52
10
52
100
18
41
9
9
1114
13
10
56
22
505
33
84
193
80
80
45
7
16
9
17
7
18
1084
29
9
23
47
15
8
20
28
9
30
7
9
6
12
32
11
84
7
18
18
31
29
22
128
19
43
39
42
10
93
16
22
180
9
20
77
5
338
19
8
18
23
82
19
18
13
11
32
52
10
9
12
11
8
15
29
8
10
49
21
11
1700
31
6
322
57
67
55
703
62
56
89
883
1079
9
79
7
13
31
13
10
8
8
12
22
7
32
48
45
27
11
15
8
14
9
21
29
31
21
9
18
16
115
40
14
10
9
8
6
11
62
23
13
9
33
15
24
30
14
20
7
7
4
23
23
14
23
16
8
11
40
21
110
12
6
10
17
12
9
16
14
22
19
9
20
6
6
27
29
29
19
23
6
8
8
10
13
17
10
64
17
13
23
18
77
19
17
49
12
11
17
11
21
5
8
9
6
11
4
7
8
6
76
7
11
24
13
18
59
18
9
1261
6
13
8
45
66
74
176
20
46
78
26
28
42
74
15
103
261
13
216
4
15
49
52
9
21
5
30
17
280
16
10
133
170
285
9
15
7
16
7
25
100
15
6
588
5
450
22
182
51
24
11
7
15
4
25
61
121
114
9
134
8
48
6
15
9
27
44
564
18
30
9
12
178
192
53
23
45
8
52
41
23
15
4
58
10
8
321
43
13
32
12
9
269
6
10
8
27
13
4
9
25
5
273
48
14
24
128
18
10
32
8
9
48
67
34
37
7
150
24
13
8
31
28
14
149
8
16
12
39
11
7
122
8
3
64
58
16
44
20
40
72
8
5
18
23
11
205
29
27
27
210
18
19
18
10
15
17
5
7
588
14
15
16
11
12
21
18
143
14
9
21
75
18
4
8
12
43
3
9
19
15
45
21
5
45
5
5
49
41
31
12
69
11
22
9
10
12
6
17
111
12
50
19
4
102
44
57
14
49
22
14
9
13
128
18
10
27
7
117
28
19
8
38
39
20
23
7
18
5
483
10
53
29
9
8
18
11
372
166
1336
21
72
32
34
11
4
13
7
701
20
4
8
7
9
12
8
59
52
24
7
46
10
14
119
6
34
356
22
26
6
45
12
43
6
13
18
40
6
12
23
42
13
24
20
29
6
57
12
13
27
18
23
146
30
11
40
15
312
9
9
9
135
19
18
12
6
5
6
9
122
25
154
14
12
56
124
29
8
11
17
23
81
22
13
66
9
29
8
10
114
597
7
56
8
87
4
63
11
16
19
8
344
27
23
5
16
77
7
146
542
14
17
61
46
618
201
15
58
38
21
11
8
65
278
12
12
11
6
7
51
11
32
13
60
96
37
14
7
9
10
16
62
3
7
43
274
166
7
11
8
9
54
142
5
258
202
21
50
12
12
9
9
6
68
36
54
13
25
26
12
17
11
7
12
8
10
16
4
87
5
28
8
19
81
24
9
12
8
9
6
29
8
172
12
22
23
58
18
15
204
10
27
7
86
13
13
18
10
4
21
5
7
10
11
8
11
6
52
23
8
8
11
8
7
17
54
18
46
6
28
16
217
3
9
11
19
108
4
9
7
19
8
12
11
5
7
21
18
17
31
12
11
85
12
15
6
22
28
11
4
15
70
16
10
22
9
140
7
87
7
7
21
37
4
171
36
235
7
19
9
103
6
5
52
4
4
9
37
9
33
9
12
10
4
11
16
19
10
134
11
8
5
12
446
8
15
7
7
22
124
5
5
5
13
33
9
11
3
16
7
11
9
85
11
31
7
44
442
12
8
22
29
15
20
8
436
24
76
11
35
48
13
9
38
12
9
28
18
41
48
15
120
11
79
48
26
4
9
14
64
8
32
10
33
23
6
80
10
29
13
7
5
25
7
77
21
10
9
6
68
16
47
16
8
7
8
7
15
30
18
14
15
12
7
13
12
8
7
10
6
7
15
17
6
77
6
22
6
4059
23
7
27
9
5
42
7
284
18
14
13
48
21
7
19
7
31
10
66
9
47
382
6
13
8
10
163
7
9
14
12
49
16
9
7
33
36
13
11
83
22
10
9
14
6
4
23
14
84
17
15
36
4
14
21
14
33
32
29
36
13
7
430
9
43
35
12
7
7
11
16
52
8
15
82
2738
14
68
11
143
224
13
1819
5
6
570
234
153
7
7
112
132
9
16
158
7
24
123
31
7
11
26
175
11
36
18
61
17
7
59
12
7
7
7
33
32
9
43
474
17
6
20
17
235
9
28
10
11
58
40
19
93
233
9
19
136
204
21
4
78
143
42
4
7
4
43
10
128
7
77
20
5
16
37
9
4
15
18
107
132
5
14
19
48
12
17
12
26
20
7
7
6
6
64
119
68
12
653
26
14
16
10
9
28
11
58
50
23
10
29
14
140
21
151
27
22
12
18
38
22
31
24
24
37
111
6
36
16
7
122
22
40
111
14
53
20
10
38
7
7
5
9
11
17
21
7
10
53
5
4
41
50
7
12
21
21
7
397
10
64
9
60
202
14
11
19
6
28
84
12
17
8
57
13
9
8
7
6
60
6
12
42
14
30
18
17
4
27
16
9
8
64
34
117
28
21
10
11
7
33
10
101
20
28
25
56
41
169
8
7
20
99
5
33
18
63
8
9
18
12
19
14
10
6
36
27
29
7
6
13
35
53
9
10
7
7
15
5
26
24
10
28
18
14
9
16
216
10
24
13
10
4
14
7
28
9
10
16
8
18
35
27
70
15
11
6
58
8
11
20
13
7
8
8
12
25
8
4
9
17
17
8
12
14
164
15
3
102
33
9
9
6
28
6
20
14
13
28
14
4
38
7
133
7
8
9
4
30
20
19
22
10
11
16
33
290
9
107
14
181
6
9
132
12
12
9
8
8
94
19
5
10
579
17
7
10
8
18
17
37
42
32
163
5
210
250
95
20
6
40
7
8
22
101
9
199
19
24
89
12
42
37
9
12
12
64
42
15
16
63
7
118
7
46
70
36
5
44
10
47
17
43
35
23
10
56
10
12
31
9
145
12
16
14
12
12
25
23
21
10
13
25
107
66
10
12
20
6
9
17
65
10
9
44
48
43
10
81
7
13
8
12
23
6
7
1317
10
16
8
39
20
53
10
4
27
8
5
43
10
4
43
26
10
18
14
113
18
7
15
89
10
9
11
5
14
5
8
16
41
128
9
11
26
8
10
4
11
14
18
17
17
20
16
89
7
14
30
78
95
20
439
19
7
3925
13
145
36
26
4
308
8
7
8
245
25
24
5
15
8
97
73
31
14
10
40
7
17
287
156
28
17
12
8
11
12
11
13
3
12
23
36
7
29
37
9
114
20
8
27
10
158
54
5
14
10
13
21
45
70
14
11
35
64
6
9
97
44
157
6
110
14
11
33
21
6
8
23
15
3
20
19
40
5
16
8
458
11
51
22
59
4
32
120
61
15
24
164
27
34
76
11
19
8
8
16
8
12
5
14
115
12
82
44
8
19
174
12
16
17
465
445
13
13
15
17
8
13
23
31
12
29
5
20
21
175
21
82
12
154
11
22
237
11
5
4
61
10
10
3
11
10
11
13
26
699
6
17
38
25
207
5
22
27
64
18
12
79
5
13
60
6
12
20
10
5
6
9
5
10
31
24
71
8
15
30
761
20
5
8
182
15
36
17
13
59
9
8
32
22
45
7
12
29
15
10
6
203
9
19
23
88
8
10
48
19
8
41
11
18
72
212
37
34
13
92
91
46
8
86
21
63
20
129
209
41
186
35
19
35
16
33
20
44
1156
91
45
42
8
13
42
34
69
30
44
10
4
46
53
116
104
11
28
10
6
6
28
8
5
54
5
19
12
6
4
29
49
21
28
42
17
88
11
39
81
44
20
17
77
41
6
17
18
60
4
458
16
33
11
12
42
5
50
10
5
12
7
30
19
27
8
17
42
15
8
10
7
10
14
5
10
85
51
13
145
10
21
31
31
22
4
17
172
15
12
24
18
76
42
17
9
4
7
44
55
90
14
28
266
39
8
36
414
17
35
7
83
7
29
123
10
8
22
11
12
22
11
10
50
14
11
25
14
11
229
61
216
280
377
109
12
8
11
29
11
21
25
18
71
28
28
17
11
14
16
44
55
17
4
31
36
7
41
42
22
4
52
11
7
452
103
11
58
6
26
252
33
55
24
15
36
12
50
9
5
32
11
12
9
12
31
10
28
9
34
41
22
9
6
33
62
585
11
5
6
26
28
45
80
27
7
8
32
4
9
17
14
8
10
61
42
27
12
6
17
16
27
19
35
25
15
11
10
11
9
11
8
40
18
16
20
16
32
87
5
17
29
22
107
19
19
9
9
17
10
5
14
20
12
66
6
11
14
6
31
10
78
11
20
18
17
12
8
7
39
37
5
21
7
22
8
59
18
5
26
11
17
12
8
7
927
192
5
719
277
931
393
246
15
148
68
156
4
8
8
4
186
5
27
26
49
50
9
21
11
15
30
7
14
25
14
29
16
4
15
9
48
12
9
11
8
36
41
14
7
19
267
22
13
35
8
8
8
82
325
31
23
22
8
113
39
21
17
13
8
9
46
44
18
11
13
7
13
13
7
34
47
53
30
14
15
132
8
6
10
90
7
18
16
14
43
25
156
9
14
21
18
104
12
42
80
10
19
12
6
5
4
20
17
91
8
210
33
35
33
268
5
17
10
6
6
13
6
11
9
120
9
9
109
17
122
11
11
8
49
13
10
6
10
17
38
3
5
20
5
12
18
12
235
365
152
129
9
13
7
15
10
18
11
9
5
21
8
10
68
7
74
9
29
27
8
35
43
9
120
11
27
45
16
25
12
43
249
34
3
11
9
63
13
8
86
9
11
25
174
12
232
84
10
293
20
10
114
9
119
45
42
71
26
11
14
129
52
15
21
19
6
31
7
15
13
65
51
11
37
5689
8
17
45
17
172
19743
75748
8
17
17
8
11
604
131
66
35
104
17
25
13
3037
1956
79
57
175
21
211
367
652
7
8
41
16
19
46
17
66
13
1579
6
11
10
1001
27
10
2075
96
12
223
851
957
739
10
264
144
15
42
5
9
23
10
137
15
12
7
18
21
20
10
31
8
15
8945
7
5
12
14
11
207
1473
665
369
10
132
244
18
33
5
41
62
15
88
11
4
33
10
47
12
29
15
27
519
20
33
15
5
13
7
7
19
39
12
81
12
11
957
7
9
80
120
7
187
21
12
9
8
21
1760
17
251
56
45
35
58
67
13
84
30
13
9
5
10
15
43
7
6
10
16
10
14
8
39
6
133
14
27
22
8
9
10
8
19
30
12
14
17
16
7
11
7
11
68
72
14
22
18
11
26
19
2783
11
9
4
14
22
6
6
8
37
61
28
12
97
11
16
929
5
27
75
9
9
17
25
5
13
11
12
84
7
11
261
14
126
20
12
8
6
10
36
10
9
11
26
532
9
80
67
16
61
17
36783
16
16
9
8
241
12
12
8
14
11
9
27
648
10
67
19
280
23
5
30
33
7
4
28
7
27
4
413
7
78
10
33
44
15
13
23
24
3461
11
7
12
9
9
8
6
4
149
42
5
6
11
40
19
157
29
6
54
87
46
12
27
11
6
18
17
28
18
9
42
13
11
35
11
12
35
99
21
4
33
9
49
34
29
107
18
114
16
10
252
50
81
330
4
11
8
183
8
18
11
75
49
15
10
27
17
8
5
142
47
6
46
33
7
11
46
11
19
55
13
16
24
9
8
113
9
13
102
9
120
24
45
31
8
74
386
284
36
20
63
9
14
7
38
15
11
9
20
12
6
14
53
17
20
98
8
15
10
17
7
19
6
46
32
35
4
21
9
29
25
16
6
61
10
12
9
24
28
15
4
15
37
16
11
11
29
44
68
22
91
10
67
12
14
22
99
8
8
24
25
10
20
19
13
8
36
4
10
25
37
109
10
15
168
17
22
29
8
140
75
15
75
15
18
20
47
17
30
7
9
67
12
76
14
12
114
15
98
7
84
15
21
57
8
8
293
27
10
123
8
7
63
15
9
27
13
10
20
183
33
9
8
5
8
14
89
21
152
26
13
43
7
9
8
14
9
9
9
10
6
20
32
6
26
15
12
108
14
38
18
7
5
6
26
12
7
673
3
7
15
8
12
448
8
8
7
5
11
9
17
57
19
11
4
315
7
8
54
47
245
570
11
6
42
9
13
25
18
41
8
10
11
19
24
7
10
17
22
10
30
7
7
21
28
16
30
9
35
39
12
22
366
166
97
420
5
30
9
31
20
32
13
7
26
10
23
9
12
10
23
7
12
9
140
33
19
8
8
9
8
173
8
161
4
23
243
34
14
1556
10
22
27
12
4
22
14
15
22
22
8
128
6
68
237
37
9
3
9
5
5
13
19
293
5
8
29
12
236
650
4
9
3
17
9
24
16
61
4
4
32
19
35
37
69
41
13
10
4
13
8
46
6
15
7
20
18
20
18
12
52
25
12
12
9
29
26
55
17
40
7
16
15
13
55
5
61
11
9
12
7
24
30
12
5
11
15
15
8
31
46
11
6
50
10
12
79
17
31
6
5
13
9
49
11
62
11
7
7
19
15
11
10
13
26
20
81
89
502
12
11
13
13
3
10
14
19
65
10
17
26
17
37
28
8
32
27
13
7
8
28
10
7
13
10
20
14
9
5
4
66
9
10
26
14
29
16
11
11
8
16
8
17
7
8
223
34
106
76
70
15
8
8
21
20
8
9
5
6
20
5
8
33
11
9
9
15
26
7
15
12
23
21
6
8
40
9
55
9
14
14
33
28
26
55
7
34
4
12
11
28
6
13
21
19
12
28
20
10
141
8
23
10
22
230
40
29
9
32
6
4
13
50
10
24
21
11
16
9
91
79
34
32
71
66
49
32
7
18
30
97
18
39
41
179
11
18
22
11
12
7
38
8
15
11
10
29
8
19
37
12
34
85
14
20
14
10
11
11
10
27
92
6
6
86
68
52
9
31
190
28
23
11
21
14
151
24
40
12
14
28
21
29
5
8
28
77
57
121
25
120
25
8
12
6
11
21
18
15
16
22
4
7
10
9
8
14
100
21
86
15
16
15
65
13
9
6
7
14
11
151
6
7
10
27
66
16
35
9
11
9
4
9
14
3
14
19
11
17
10
28
28
6
11
32
9
16
13
5
9
25
4
16
12
6
7
27
52
17
16
13
12
17
11
77
18
225
26
8
8
9
13
12
5
18
6
8
13
10
15
15
4
9
13
11
24
34
6
25
38
16
4
11
220
7
5
18
10
21
179
58
11
10
53
7
28
13
5
16
11
3255
10
27
19
24
23
4
26
4
7
11
9
28
6
6
5
99
10
192
51
5
15
9
6
22
7
48
17
19
13
16
19
14
6
23
223
7
6
91
94
28
20
16
8
21
2149
260
246
14
54
6
12
283
7
11
18
103
268
152
6
7
10
4
7
6
104
232
15
31
6
33
6
66
50
10
39
10
12
8
7
8
9
16
21
19
10
13
11
49
166
3
130
101
13
33
8
4
46
63
8
5
6
16
40
26
12
85
110
23
10
8
24
53
27
7
17
18
9
4
7
22
9
50
8
172
12
12
8
13
62
26
10
8
41
8
9
10
12
25
3
45
4
6
9
20
13
64
13
11
9
30
16
8
9
12
10
16
12
7
514
68
60
18
9
96
2233
29
47
16
15
7
5
47
9
20
9
9
110
33
26
13
28
10
85
22
117
20
11
657
18
8
10
10
11
8
11
67
23
15
6
298
33
324
435
16
197
7
22
8
19
12
30
6
13
11
98
7
60
44
3
16
12
7
10
6
77
12
5
4
335
114
21
11
13
19
5
144
33
81
8
20
9
11
13
7
111
9
37
300
13
28
81
14
27
655
16
6
5
283
6
145
78
79
7
142
55
15
9
157
32
9
71
6
18
52
29
28
23
16
11
33
5
13
18
27
5
5
31
117
101
44
84
6
29
28
55
33
10
123
14
15
5
7
12
13
10
5
9
24
5
20
126
22
149
25
57
11
101
83
19
51
10
21
63
19
13
51
11
37
15
19
27
44
9
8
10
31
21
12
16
36
7
22
9
14
74
10
697
276
72
5
223
460
14
9
21
12
8
17
47
8
222
8
8
23
29
8
23
200
9
29
111
4
12
12
37
13
22
56
9
57
21
2000
11
27
9
212
103
11
25
22
897
156
79
32
23
870
154
21
19
15
20
11
7
22
41
10
5
74
4
47
9
2444
7
25
383
23
8
1661
181
7
25
11
9
13
67
21
7
31
70
15
13
55
8
105
14
17
16
11
34
28
30
46
21
14
43
39
25
14
102
10
83
28
19
36
27
12
19
101
26
5
37
213
9
6
72
51
17
16
245
10
6
15
1636
137
11
7
12
11
15
9
54
11
11
8
17
22
11
13
15
9
11
5
14
46
9
17
134
94
5
6
5
8
10
8
5
9
5
15
6
4
20
11
8
7
23
35
9
12
14
5
130
1072
29
10
16
22
80
9
17
63
7
2885
20
116
21
15
26
28
11
1824
7
71
863
4
12
20
6
339
6
1961
19
1015
31
66
10
117
24
11
15
41
10
14
7
9
12
12
15
14
10
6
6
14
5
12
10
165
16
8
16
17
5
13
3947
7
8
26
580
3
13
56
63
131
7
7
9
8
587
621
16
70
74
9
11
11
10
11
14
19
6
12
7
13
19
14
168
14
6
12
11
136
8
7
14
3
26
35
132
2560
14
11
6
15
137
7
41
27
11
6
4
168
8
11
13
8
84
8
13
12
10
9
88
33
93
18
17
20
11
8
8
34
14
13
111
36
215
12
76
21
22
30
16
21
12
59
122
6
9
10
16
10
15
29
184
14
8
56
16
5
7
34
5
519
35
12306
12
10
14
11
160
1262
28
61
10
60
41
25
10
6
188
6
12
13
16
14
461
6
6
12
24
18
8
404
7
657
40
234
7
18
255
115
85
22
13
34
30
19
20
80
8
26
6
9
17
240
15
10
7
254
5
24
1838
12
20
13
11
132
7
25
269
40
10
12
7
30
56
643
12
9
1302
19
33
14
13
13
9
40
7
16
14
40
28
9
15
45
22
264
27
23
486
749
10
167
295
1858
49
27
12
15
13
35
13
48
46
61
10
18
10
10
6
45
11
8
24
14
23
16
13
31
20
8
10
10
8
15
209
7
175
7
67
9
15
98
8
30
373
19
372
398
103
12
175
21
12
22
21
4
131
40
6
7
8
15
11
137
9
4
14
8
5
23
15
10
24
5
867
10
6
65
18
798
15
10
25
135
64
10
830
10
12
12
18
14
8067
21
901
18
88
17
25
2562
12
243
16
55
39
6
9
11
8
24
9
41
10
8
9
36
8
7
8
10
6
14
14
5
36
7
25
7
8
89
7
9
6
9
